CA01xx_GS EQ19188220748   35.67 -117.42  178.00    4.00    0.05    0.01  234.86             35.650 -117.450    5.900  B
CA01xx_GS EQ19188230348   35.67 -117.42  177.00    3.50    0.05    0.01  269.90             35.665 -117.494    9.100  A
CA01xx_GS EQ19189025534   35.67 -117.42  172.00    5.00    0.03    0.00  234.54             35.644 -117.460    8.300  A
CA01xx_GS EQ19189030403   35.67 -117.42   18.00    9.00    0.04    0.00  241.84             35.644 -117.472    7.700  B
CA01xx_GS EQ19189034322   35.67 -117.42  165.00    9.00    0.05    0.01  285.28             35.683 -117.504   11.700  B
CA01xx_GS EQ19189063141   35.67 -117.42    1.00    5.50    0.04    0.00  243.92             35.657 -117.444    4.200  B
CA01xx_GS EQ19189082203   35.67 -117.42    6.00    6.50    0.05    0.01  226.07             35.646 -117.448    7.400  B
CA01xx_GS EQ19189095711   35.67 -117.42    5.00   13.50    0.04    0.01  257.19             35.658 -117.462    8.700  B
CA01xx_GS EQ19189104854   35.67 -117.42  173.00    9.00    0.06    0.01  287.46             35.677 -117.470    8.700  B
CA01xx_GS EQ19189112940   35.67 -117.42  167.00    8.50    0.05    0.01  222.03             35.644 -117.447    7.100  B
CA01xx_GS EQ19189121947   35.67 -117.42  172.00    4.50    0.06    0.01  204.76             35.638 -117.439    4.800  B
CA01xx_GS EQ19189122102   35.67 -117.42    0.00    5.50    0.03    0.01  267.85             35.664 -117.460    9.500  B
CA01xx_GS EQ19189131921   35.67 -117.42    0.00    5.50    0.05    0.01  224.61             35.645 -117.448    7.400  A
CA01xx_GS EQ19189172104   35.67 -117.42    0.00    6.00    0.07    0.00  271.92             35.666 -117.456    9.300  B
CA01xx_GS EQ19189201402   35.67 -117.42  174.00    5.50    0.05    0.01  211.45             35.638 -117.444    6.300  B
CA01xx_GS EQ19189214853   35.67 -117.42    4.00    3.00    0.05    0.00  229.85             35.647 -117.450    5.100  B
CA01xx_GS EQ19189222539   35.67 -117.42  178.00    3.00    0.06    0.01  188.13             35.629 -117.430    5.800  B
CA01xx_GS EQ19189223613   35.67 -117.42   10.00    5.50    0.05    0.01  221.38             35.650 -117.440    3.800  B
CA01xx_GS EQ19189234735   35.67 -117.42  175.00    8.00    0.04    0.01  233.56             35.639 -117.467    7.900  A
CA01xx_GS EQ19189235703   35.67 -117.42  177.00    5.50    0.06    0.01  186.68             35.635 -117.428    6.100  B
CA01xx_GS EQ19190004340   35.67 -117.42    7.00    1.50    0.04    0.00  242.98             35.645 -117.472    8.100  B
CA01xx_GS EQ19190014936   35.67 -117.42  167.00   13.50    0.05    0.01  237.63             35.637 -117.478   10.100  B
CA01xx_GS EQ19190055146   35.67 -117.42   14.00    3.50    0.05    0.01  230.97             35.653 -117.442    5.600  B
CA01xx_GS EQ19190084722   35.67 -117.42  167.00   14.50    0.05    0.01  219.37             35.626 -117.463    9.300  B
CA01xx_GS EQ19190110217   35.67 -117.42    6.00    5.50    0.03    0.00  249.14             35.656 -117.453    7.200  B
CA01xx_GS EQ19190121859   35.67 -117.42    0.00    9.50    0.03    0.01  259.54             35.661 -117.451    6.400  B
CA01xx_GS EQ19190161729   35.67 -117.42    9.00    4.50    0.04    0.00  216.97             35.642 -117.445    7.600  B
CA01xx_GS EQ19190183317   35.67 -117.42  179.00    3.50    0.04    0.00  242.63             35.654 -117.450    5.300  B
CA01xx_GS EQ19190184221   35.67 -117.42  170.00    3.00    0.05    0.01  223.23             35.644 -117.448    5.800  B
CA01xx_GS EQ19190191251   35.67 -117.42  177.00    2.00    0.06    0.01  240.35             35.658 -117.439    7.400  B
CA01xx_GS EQ19190193218   35.67 -117.42  166.00    5.50    0.05    0.01  227.23             35.646 -117.449    6.300  B
CA01xx_GS EQ19190193748   35.67 -117.42  172.00    7.50    0.05    0.01  223.84             35.647 -117.445    4.900  B
CA01xx_GS EQ19190210722   35.67 -117.42    5.00    9.00    0.05    0.01  212.42             35.630 -117.451   10.400  B
CA01xx_GS EQ19190221032   35.67 -117.42  170.00    3.50    0.04    0.00  250.37             35.656 -117.455   13.100  B
CA01xx_GS EQ19190224946   35.67 -117.42  174.00    2.00    0.06    0.01  196.42             35.631 -117.436    6.200  B
CA01xx_GS EQ19190235031   35.67 -117.42    3.00    8.50    0.05    0.01  225.99             35.642 -117.453    6.200  B
CA01xx_GS EQ19191001031   35.67 -117.42  168.00    8.00    0.05    0.01  269.87             35.665 -117.482    9.500  B
CA01xx_GS EQ19191010208   35.67 -117.42  177.00   10.50    0.04    0.00  246.36             35.655 -117.452    9.800  B
CA01xx_GS EQ19191020256   35.67 -117.42   22.00    8.00    0.03    0.00  213.18             35.641 -117.443    6.200  A
CA01xx_GS EQ19191033337   35.67 -117.42   20.00    4.00    0.04    0.00  276.93             35.670 -117.473    9.100  B
CA01xx_GS EQ19191033736   35.67 -117.42    4.00    4.50    0.04    0.00  258.38             35.657 -117.472    7.600  B
CA01xx_GS EQ19191034254   35.67 -117.42  164.00    3.00    0.07    0.00  219.46             35.642 -117.447    9.900  B
CA01xx_GS EQ19191035444   35.67 -117.42    0.00    9.50    0.04    0.01  212.53             35.634 -117.448    9.300  B
CA01xx_GS EQ19191041304   35.67 -117.42  178.00    5.00    0.05    0.01  213.18             35.641 -117.443    7.000  B
CA01xx_GS EQ19191065739   35.67 -117.42    3.00   16.50    0.06    0.01  174.27             35.627 -117.419    6.700  A
CA01xx_GS EQ19191075002   35.67 -117.42  179.00   18.50    0.02    0.01  233.33             35.640 -117.465    9.100  B
CA01xx_GS EQ19191083121   35.67 -117.42    3.00    7.00    0.06    0.01  235.91             35.655 -117.442    5.700  B
CA01xx_GS EQ19191093434   35.67 -117.42    2.00    3.00    0.05    0.00  237.92             35.645 -117.463   10.700  B
CA01xx_GS EQ19191095852   35.67 -117.42    4.00   10.50    0.04    0.00  234.54             35.644 -117.460    9.800  B
CA01xx_GS EQ19191102351   35.67 -117.42    1.00    8.00    0.04    0.00  240.29             35.644 -117.469    8.800  B
CA01xx_GS EQ19191103402   35.67 -117.42  179.00    7.00    0.06    0.01  193.32             35.633 -117.433    6.000  B
CA01xx_GS EQ19191131145   35.67 -117.42  174.00   17.00    0.03    0.01  260.96             35.663 -117.440    3.700  B
CA01xx_GS EQ19191151624   35.67 -117.42    5.00    7.00    0.03    0.01  240.84             35.639 -117.481    9.400  B
CA01xx_GS EQ19191172222   35.67 -117.42  177.00    9.00    0.03    0.00  242.41             35.662 -117.431    3.700  B
CA01xx_GS EQ19191205423   35.67 -117.42    5.00    5.50    0.04    0.00  240.43             35.652 -117.452    7.100  B
CA01xx_GS EQ19191222156   35.67 -117.42   15.00   11.50    0.05    0.01   51.70             35.672 -117.413    9.100  B
CA01xx_GS EQ19191230138   35.67 -117.42   22.00   16.50    0.03    0.01  240.35             35.658 -117.439    7.300  B
CA01xx_GS EQ19192003231   35.67 -117.42  175.00    7.00    0.05    0.01  207.73             35.646 -117.436    8.200  A
CA01xx_GS EQ19192043621   35.67 -117.42  170.00    3.50    0.05    0.01  214.61             35.647 -117.439    9.500  B
CA01xx_GS EQ19192050958   35.67 -117.42  178.00    8.00    0.02    0.01  253.98             35.662 -117.437    3.900  B
CA01xx_GS EQ19192051209   35.67 -117.42  179.00    3.50    0.04    0.00  223.41             35.645 -117.447    8.900  B
CA01xx_GS EQ19192052534   35.67 -117.42  171.00    5.50    0.05    0.00  210.31             35.613 -117.461   10.000  A
CA01xx_GS EQ19192054209   35.67 -117.42  144.00   16.50    0.03    0.01  294.55             35.682 -117.469    7.600  B
CA01xx_GS EQ19192060942   35.67 -117.42  170.00    3.00    0.06    0.01  279.41             35.668 -117.445   10.000  B
CA01xx_GS EQ19192065616   35.67 -117.42  179.00    5.50    0.04    0.00  213.36             35.630 -117.452    8.600  B
CA01xx_GS EQ19192072227   35.67 -117.42  175.00    5.00    0.05    0.01  188.48             35.636 -117.429    6.200  B
CA01xx_GS EQ19192072557   35.67 -117.42  179.00    4.00    0.04    0.00  228.97             35.645 -117.452    5.800  B
CA01xx_GS EQ19192072729   35.67 -117.42    8.00    8.50    0.04    0.01  213.19             35.646 -117.439    6.800  A
CA01xx_GS EQ19192075906   35.67 -117.42  120.00    1.50    0.02    0.00  257.50             35.658 -117.463    8.000  B
CA01xx_GS EQ19192082058   35.67 -117.42  172.00   17.50    0.05    0.01  215.04             35.617 -117.465   10.900  A
CA01xx_GS EQ19192083542   35.67 -117.42  174.00    7.00    0.06    0.01  204.76             35.638 -117.439    6.700  B
CA01xx_GS EQ19192091003   35.67 -117.42    4.00    6.00    0.04    0.00  291.59             35.682 -117.476    8.900  B
CA01xx_GS EQ19192095618   35.67 -117.42  177.00    6.00    0.05    0.01  251.72             35.651 -117.476    8.800  B
CA01xx_GS EQ19192145844   35.67 -117.42   15.00    5.00    0.05    0.01  209.95             35.642 -117.440    6.300  B
CA01xx_GS EQ19192164452   35.67 -117.42  164.00    9.00    0.02    0.00  269.38             35.665 -117.437    6.600  B
CA01xx_GS EQ19192165515   35.67 -117.42   10.00    5.00    0.03    0.00  263.66             35.664 -117.436    6.900  B
CA01xx_GS EQ19192173609   35.67 -117.42   18.00    4.50    0.07    0.00  202.45             35.623 -117.445    8.100  B
CA01xx_GS EQ19192174458   35.67 -117.42  176.00    4.50    0.06    0.01  187.05             35.630 -117.429    6.000  B
CA01xx_GS EQ19192230417   35.67 -117.42  176.00    4.50    0.05    0.01  208.43             35.639 -117.441    4.900  B
CA01xx_GS EQ19193025329   35.67 -117.42  178.00   11.00    0.02    0.00  319.27             35.673 -117.432    6.200  B
CA01xx_GS EQ19193040306   35.67 -117.42  165.00    5.50    0.05    0.01  187.70             35.633 -117.429    6.100  B
CA01xx_GS EQ19193050012   35.67 -117.42  161.00    8.00    0.02    0.00  236.45             35.646 -117.459    7.600  B
CA01xx_GS EQ19193053043   35.67 -117.42    6.00   10.00    0.05    0.01  239.92             35.647 -117.462    5.900  B
CA01xx_GS EQ19193055844   35.67 -117.42  168.00    5.00    0.04    0.00  251.10             35.660 -117.442    4.600  B
CA01xx_GS EQ19193064905   35.67 -117.42  177.00   11.50    0.06    0.01  175.26             35.619 -117.419    8.400  B
CA01xx_GS EQ19193071941   35.67 -117.42  153.00   12.50    0.02    0.00  219.57             35.649 -117.440    4.300  B
CA01xx_GS EQ19193072319   35.67 -117.42   17.00    3.00    0.04    0.00  240.73             35.643 -117.472    7.900  B
CA01xx_GS EQ19193090013   35.67 -117.42  175.00    3.50    0.04    0.00  231.91             35.647 -117.452    5.900  A
CA01xx_GS EQ19193091235   35.67 -117.42    5.00    3.50    0.05    0.01  230.90             35.645 -117.454    5.600  A
CA01xx_GS EQ19193101108   35.67 -117.42   34.00   12.50    0.02    0.01  227.61             35.647 -117.448    5.800  B
CA01xx_GS EQ19193102552   35.67 -117.42    0.00    4.50    0.04    0.01  242.63             35.654 -117.450    6.100  B
CA01xx_GS EQ19193104208   35.67 -117.42  175.00    6.50    0.06    0.01   33.10             35.691 -117.403    8.100  B
CA01xx_GS EQ19193113655   35.67 -117.42  176.00    3.50    0.04    0.00  235.52             35.647 -117.456    9.300  B
CA01xx_GS EQ19193113739   35.67 -117.42  168.00    8.50    0.04    0.01  219.45             35.641 -117.448    5.300  B
CA01xx_GS EQ19193135629   35.67 -117.42  160.00   11.50    0.02    0.00  244.36             35.645 -117.475    7.700  B
CA01xx_GS EQ19193140603   35.67 -117.42    1.00   13.50    0.06    0.01  174.25             35.619 -117.418    8.400  B
CA01xx_GS EQ19193140922   35.67 -117.42  175.00   14.00    0.05    0.01  220.54             35.640 -117.450    5.500  B
CA01xx_GS EQ19193162254   35.67 -117.42    3.00    2.50    0.04    0.00  221.91             35.643 -117.448    8.200  B
CA01xx_GS EQ19193190359   35.67 -117.42    4.00   15.50    0.03    0.00  265.07             35.661 -117.482    8.000  B
CA01xx_GS EQ19193223013   35.67 -117.42  130.00   15.00    0.02    0.00  263.66             35.664 -117.436    7.000  A
CA01xx_GS EQ19194023224   35.67 -117.42   42.00   13.50    0.02    0.00  220.71             35.643 -117.447    7.200  B
CA01xx_GS EQ19194051045   35.67 -117.42  167.00    5.00    0.04    0.00  223.23             35.644 -117.448    5.300  B
CA01xx_GS EQ19194061217   35.67 -117.42   23.00   10.50    0.03    0.00  275.11             35.669 -117.477    9.600  B
CA01xx_GS EQ19194063846   35.67 -117.42    2.00    1.00    0.04    0.00  242.34             35.653 -117.452    5.400  B
CA01xx_GS EQ19194071455   35.67 -117.42   38.00   15.50    0.02    0.01  216.97             35.642 -117.445    7.900  B
CA01xx_GS EQ19194092216   35.67 -117.42  142.00   14.50    0.02    0.00  303.02             35.669 -117.431    7.000  B
CA01xx_GS EQ19194093546   35.67 -117.42  173.00    2.00    0.04    0.00  241.85             35.651 -117.456    5.700  A
CA01xx_GS EQ19194104018   35.67 -117.42  172.00    5.50    0.04    0.00  242.57             35.651 -117.457    5.900  B
CA01xx_GS EQ19194114521   35.67 -117.42   12.00    5.00    0.05    0.01  190.87             35.634 -117.431    5.700  B
CA01xx_GS EQ19194143741   35.67 -117.42    9.00    6.00    0.04    0.01  268.85             35.664 -117.491    9.400  B
CA01xx_GS EQ19194180745   35.67 -117.42    2.00    5.50    0.05    0.01  233.79             35.647 -117.454    5.200  B
CA01xx_GS EQ19195120631   35.67 -117.42  151.00    4.50    0.03    0.00  222.16             35.645 -117.446    6.400  B
CA01xx_GS EQ19195125306   35.67 -117.42    5.00   10.50    0.04    0.00  239.41             35.650 -117.455    6.000  A
CA01xx_GS EQ19195141949   35.67 -117.42  178.00   19.00    0.05    0.01  226.95             35.642 -117.454    5.900  B
CA01xx_GS EQ19195163141   35.67 -117.42   17.00   13.00    0.04    0.00  285.44             35.676 -117.472    7.600  B
CA01xx_GS EQ19196031500   35.67 -117.42  176.00    7.50    0.03    0.00  272.74             35.668 -117.498   10.600  B
CA01xx_GS EQ19197003128   35.67 -117.42  172.00    2.00    0.04    0.00  241.65             35.650 -117.458    6.900  B
CA01xx_GS EQ19197075312   35.67 -117.42    2.00    4.00    0.05    0.01  242.57             35.651 -117.457    6.200  B
CA01xx_GS EQ19197081117   35.67 -117.42    1.00   11.50    0.05    0.02  197.40             35.620 -117.441    9.400  B
CA01xx_GS EQ19197133412   35.67 -117.42    0.00    2.00    0.04    0.00  247.79             35.646 -117.481    8.900  B
CA01xx_GS EQ19197152519   35.67 -117.42    7.00   12.50    0.02    0.00  145.70             35.626 -117.391    8.200  B
CA01xx_GS EQ19197155636   35.67 -117.42    0.00    4.00    0.05    0.00  222.03             35.644 -117.447    7.600  A
CA01xx_GS EQ19197174221   35.67 -117.42    7.00    9.50    0.04    0.00  234.43             35.648 -117.453    5.700  B
CA01xx_GS EQ19197223133   35.67 -117.42    5.00    4.50    0.05    0.01  230.45             35.644 -117.455    6.100  B
CA01xx_GS EQ19197224226   35.67 -117.42    0.00    7.00    0.02    0.00  254.60             35.661 -117.442    6.200  B
CA01xx_GS EQ19198011142   35.67 -117.42  167.00    9.50    0.03    0.00  254.50             35.651 -117.486    8.600  B
CA01xx_GS EQ19198041611   35.67 -117.42    1.00    4.50    0.04    0.00  235.43             35.643 -117.463   10.900  B
CA01xx_GS EQ19198063127   35.67 -117.42    0.00    2.50    0.04    0.00  314.49             35.679 -117.441    4.000  B
CA01xx_GS EQ19198110739   35.67 -117.42    8.00    7.00    0.03    0.01  144.87             35.633 -117.396   11.000  B
CA01xx_GS EQ19198133013   35.67 -117.42  179.00    4.00    0.04    0.00  244.32             35.654 -117.452    6.300  B
CA01xx_GS EQ19198170509   35.67 -117.42   11.00   10.00    0.03    0.01  254.17             35.653 -117.476    7.100  B
CA01xx_GS EQ19198172812   35.67 -117.42    2.00    3.50    0.04    0.00  241.48             35.653 -117.451    5.900  B
CA01xx_GS EQ19198220135   35.67 -117.42  172.00    5.50    0.05    0.01  223.62             35.646 -117.446    6.100  B
CA01xx_GS EQ19199101259   35.67 -117.42  163.00   16.50    0.02    0.01  239.08             35.641 -117.473    8.900  B
CA01xx_GS EQ19199170205   35.67 -117.42    5.00    7.00    0.05    0.01  229.14             35.643 -117.455    5.900  A
CA01xx_GS EQ19200033650   35.67 -117.42  177.00    3.00    0.04    0.00  242.08             35.652 -117.454    5.900  A
CA01xx_GS EQ19200040002   35.67 -117.42  159.00    8.00    0.03    0.01  239.82             35.655 -117.445    4.900  B
CA01xx_GS EQ19200153533   35.67 -117.42    8.00    5.00    0.03    0.00  264.80             35.661 -117.479    9.000  B
CA01xx_GS EQ19201033741   35.67 -117.42  127.00   10.00    0.02    0.01  286.91             35.686 -117.508   11.900  B
CA01xx_GS EQ19201123952   35.67 -117.42    8.00    8.50    0.04    0.00  271.63             35.666 -117.462    8.100  B
CA01xx_GS EQ19202005459   35.67 -117.42    4.00    7.50    0.04    0.00  257.08             35.657 -117.467    6.600  B
CA01xx_GS EQ19202022937   35.67 -117.42   26.00   12.50    0.02    0.01  267.12             35.663 -117.475    9.600  B
CA01xx_GS EQ19203182144   35.67 -117.42   12.00    8.50    0.06    0.01  188.95             35.622 -117.432    8.800  B
CA01xx_GS EQ19203234342   35.67 -117.42  158.00   19.00    0.03    0.01  292.37             35.681 -117.471    8.600  B
CA01xx_GS EQ19205001909   35.67 -117.42  179.00    2.50    0.04    0.00  246.19             35.656 -117.449    5.200  A
CA01xx_GS EQ19205063925   35.67 -117.42  173.00    4.00    0.05    0.01  219.48             35.643 -117.446    5.100  B
CA01xx_GS EQ19205064749   35.67 -117.42  177.00    7.00    0.04    0.01  220.78             35.644 -117.446    4.900  B
CA01xx_GS EQ19205095806   35.67 -117.42  132.00   10.00    0.03    0.00  290.05             35.689 -117.504   11.300  B
CA01xx_GS EQ19206084012   35.67 -117.42    2.00    4.50    0.05    0.01  223.41             35.645 -117.447    7.600  B
CA01xx_GS EQ19206095725   35.67 -117.42    1.00    5.00    0.04    0.01  250.52             35.650 -117.476    8.600  B
CA01xx_GS EQ19206114024   35.67 -117.42    5.00   14.00    0.03    0.01  262.69             35.659 -117.482    8.600  B
CA01xx_GS EQ19206185801   35.67 -117.42  179.00    7.00    0.06    0.01  211.12             35.639 -117.443    7.700  B
CA01xx_GS EQ19207112031   35.67 -117.42    5.00    6.50    0.05    0.01  195.62             35.635 -117.434    6.200  B
CA01xx_GS EQ19208194603   35.67 -117.42    4.00    5.00    0.04    0.00  241.31             35.648 -117.462    6.300  B
CA01xx_GS EQ19208200529   35.67 -117.42    7.00    9.00    0.04    0.00  241.27             35.652 -117.453    5.800  B
CA01xx_GS EQ19209000214   35.67 -117.42    9.00   12.00    0.03    0.00  229.39             35.660 -117.431    8.300  B
CA01xx_GS EQ19209001853   35.67 -117.42   12.00    8.50    0.05    0.01  257.55             35.662 -117.441    6.200  B
CA01xx_GS EQ19209060606   35.67 -117.42    6.00    6.00    0.04    0.00  243.15             35.653 -117.453    5.900  B
CA01xx_GS EQ19209075625   35.67 -117.42  138.00   13.00    0.03    0.00  230.52             35.638 -117.464    8.500  B
CA01xx_GS EQ19210040951   35.67 -117.42    5.00    2.50    0.03    0.00  218.09             35.645 -117.443    7.900  B
CA01xx_GS EQ19211163056   35.67 -117.42    4.00    5.50    0.05    0.01  272.64             35.668 -117.501   11.400  A
CA01xx_GS EQ19211164336   35.67 -117.42    2.00   11.00    0.05    0.01  234.43             35.648 -117.453    6.000  B
CA01xx_GS EQ19212191840   35.67 -117.42  168.00    8.00    0.06    0.01  185.73             35.630 -117.428    5.600  B
CA01xx_GS EQ19215160930   35.67 -117.42    0.00    3.00    0.04    0.00  238.59             35.651 -117.452    5.200  B
CA01xx_GS EQ19216012636   35.67 -117.42   10.00    4.00    0.06    0.01  290.61             35.683 -117.482    8.700  B
CA01xx_GS EQ19216051551   35.67 -117.42  116.00    9.00    0.03    0.01  254.26             35.651 -117.485    8.900  B
CA01xx_GS EQ19216131028   35.67 -117.42  179.00    6.50    0.06    0.01  200.59             35.634 -117.438    5.700  B
CA01xx_GS EQ19217095355   35.67 -117.42  179.00    4.00    0.06    0.01  174.45             35.609 -117.417    9.200  B
CA01xx_GS EQ19217110909   35.67 -117.42    2.00    3.00    0.05    0.01   47.76             35.676 -117.409    8.900  B
CA01xx_GS EQ19217175731   35.67 -117.42   13.00    9.00    0.04    0.01  196.53             35.645 -117.431    7.500  B
CA01xx_GS EQ19218130554   35.67 -117.42    6.00    9.50    0.05    0.01  216.48             35.646 -117.441    7.600  B
CA01xx_GS EQ19218235128   35.67 -117.42   42.00   13.50    0.03    0.01  264.76             35.663 -117.452    8.300  B
CA01xx_GS EQ19219075720   35.67 -117.42  174.00    9.00    0.04    0.01  232.87             35.647 -117.453    6.000  B
CA01xx_GS EQ19219084656   35.67 -117.42  177.00    2.00    0.04    0.00  238.57             35.647 -117.460    6.500  B
CA01xx_GS EQ19220005730   35.67 -117.42   16.00   13.00    0.03    0.01  260.65             35.664 -117.432    4.400  B
CA01xx_GS EQ19221102515   35.67 -117.42  166.00    5.00    0.05    0.01  126.41             35.637 -117.377   10.000  B
CA01xx_GS EQ19222123842   35.67 -117.42    4.00    4.50    0.04    0.00  230.90             35.647 -117.451    5.100  B
CA01xx_GS EQ19222124043   35.67 -117.42    1.00    3.50    0.04    0.00  229.85             35.647 -117.450    5.200  B
CA01xx_GS EQ19222145423   35.67 -117.42  177.00    9.50    0.05    0.01  230.90             35.647 -117.451    5.100  B
CA01xx_GS EQ19223053354   35.67 -117.42    7.00   10.50    0.03    0.01  268.60             35.664 -117.479    8.300  B
CA01xx_GS EQ19223185834   35.67 -117.42    2.00    9.50    0.03    0.01  251.77             35.661 -117.439    6.400  B
CA01xx_GS EQ19224074754   35.67 -117.42    7.00    5.00    0.04    0.00  262.81             35.659 -117.483    8.400  B
CA01xx_GS EQ19224102201   35.67 -117.42  178.00    9.00    0.04    0.00  252.18             35.659 -117.447    5.100  B
CA01xx_GS EQ19224110128   35.67 -117.42  173.00    2.00    0.04    0.00  252.18             35.659 -117.447    5.100  B
CA01xx_GS EQ19224153921   35.67 -117.42  172.00   15.50    0.06    0.01  181.66             35.628 -117.425    6.100  B
CA01xx_GS EQ19224195700   35.67 -117.42  177.00   18.00    0.06    0.01  181.62             35.627 -117.425    6.100  B
CA01xx_GS EQ19226024948   35.67 -117.42   11.00    9.50    0.03    0.00  267.47             35.663 -117.482    9.300  B
CA01xx_GS EQ19226025010   35.67 -117.42  169.00    7.50    0.03    0.00  266.20             35.662 -117.481    9.300  B
CA01xx_GS EQ19226120301   35.67 -117.42  177.00    4.50    0.05    0.01   17.66             35.672 -117.421    7.900  B
CA01xx_GS EQ19226221617   35.67 -117.42    4.00   10.00    0.04    0.01    7.21             35.676 -117.422    4.500  B
CA01xx_GS EQ19227155810   35.67 -117.42   15.00   11.00    0.05    0.01  197.17             35.622 -117.440    9.400  B
CA01xx_GS EQ19227184924   35.67 -117.42  165.00    9.00    0.02    0.00  266.20             35.662 -117.481    9.600  B
CA01xx_GS EQ19228005614   35.67 -117.42   17.00   16.00    0.06    0.01  189.72             35.635 -117.430    9.200  B
CA01xx_GS EQ19228181425   35.67 -117.42  175.00    4.50    0.05    0.00  233.48             35.648 -117.452    5.900  B
CA01xx_GS EQ19230023159   35.67 -117.42    6.00    5.00    0.04    0.00  219.49             35.644 -117.445    6.700  B
CA01xx_GS EQ19230053001   35.67 -117.42   10.00    6.50    0.04    0.00  238.59             35.651 -117.452    5.800  B
CA01xx_GS EQ19230115349   35.67 -117.42  175.00    3.00    0.05    0.01  197.25             35.638 -117.434    6.900  B
CA01xx_GS EQ19230195245   35.67 -117.42  172.00    3.00    0.06    0.01  268.11             35.664 -117.465    9.900  B
CA01xx_GS EQ19233091115   35.67 -117.42    1.00    4.50    0.06    0.01  185.28             35.627 -117.428    7.100  B
CA01xx_GS EQ19233094752   35.67 -117.42  171.00   17.50    0.05    0.01  182.70             35.625 -117.426    8.900  B
CA01xx_GS EQ19233141346   35.67 -117.42  174.00    2.50    0.04    0.00  252.18             35.659 -117.447    5.300  A
CA01xx_GS EQ19233205607   35.67 -117.42  167.00    5.50    0.05    0.01  217.89             35.648 -117.440    5.700  B
CA01xx_GS EQ19233233007   35.67 -117.42  171.00   10.00    0.03    0.01  229.20             35.636 -117.465    7.300  B
CA01xx_GS EQ19234030909   35.67 -117.42  158.00    9.50    0.02    0.00  265.53             35.661 -117.488    9.300  A
CA01xx_GS EQ19235005733   35.67 -117.42    3.00    4.00    0.06    0.01  187.05             35.630 -117.429    6.200  B
CA01xx_GS EQ19235005905   35.67 -117.42  173.00    3.50    0.06    0.01  185.90             35.631 -117.428    5.800  B
CA01xx_GS EQ19235071049   35.67 -117.42  164.00    6.50    0.03    0.01  195.09             35.646 -117.430    7.100  B
CA01xx_GS EQ19235074332   35.67 -117.42  169.00    6.50    0.06    0.01  181.86             35.632 -117.425    5.900  B
CA01xx_GS EQ19237031552   35.67 -117.42  172.00    6.50    0.06    0.01  181.54             35.625 -117.425    7.600  B
CA01xx_GS EQ19237061406   35.67 -117.42    0.00    5.50    0.03    0.01  268.46             35.664 -117.474    7.900  A
CA01xx_GS EQ19237131909   35.67 -117.42    0.00   11.00    0.04    0.00  269.87             35.665 -117.479    7.900  B
CA01xx_GS EQ19238093736   35.67 -117.42   15.00    3.00    0.03    0.00  262.62             35.660 -117.472    7.500  B
CA01xx_GS EQ19238185335   35.67 -117.42  179.00    7.50    0.03    0.01  246.19             35.656 -117.449    7.200  B
CA01xx_GS EQ19239220543   35.67 -117.42  178.00    4.00    0.04    0.00  240.29             35.644 -117.469    8.400  A
CA01xx_GS EQ19240054400   35.67 -117.42  175.00   10.50    0.06    0.01  188.20             35.635 -117.429    5.800  B
CA01xx_GS EQ19241030345   35.67 -117.42   13.00   10.00    0.04    0.00  221.13             35.648 -117.442    7.800  B
CA01xx_GS EQ19242235013   35.67 -117.42    9.00    8.00    0.03    0.01  256.82             35.662 -117.440    6.300  B
CA01xx_GS EQ19243080152   35.67 -117.42    5.00   10.00    0.03    0.00  269.86             35.665 -117.477    8.300  B
CA01xx_GS EQ19243190731   35.67 -117.42  160.00    9.50    0.03    0.00  244.25             35.652 -117.457    6.300  B
CA01xx_GS EQ19244021517   35.67 -117.42  175.00    3.00    0.05    0.01  217.80             35.649 -117.439    6.700  B
CA01xx_GS EQ19244232215   35.67 -117.42  129.00    6.50    0.03    0.00  220.54             35.661 -117.428    8.500  A
CA01xx_GS EQ19245030550   35.67 -117.42   41.00   13.50    0.03    0.00  239.63             35.642 -117.472    7.700  B
CA01xx_GS EQ19245113203   35.67 -117.42  176.00    6.50    0.06    0.01  197.56             35.623 -117.440    9.600  B
CA01xx_GS EQ19247004847   35.67 -117.42   74.00    4.00    0.03    0.00  242.33             35.644 -117.473    7.800  B
CA01xx_GS EQ19248054427   35.67 -117.42    6.00   11.00    0.04    0.00  142.18             35.636 -117.396    7.300  B
CA01xx_GS EQ19250112301   35.67 -117.42  174.00   10.00    0.04    0.01    5.28             35.680 -117.422    5.400  B
CA01xx_GS EQ19250204957   35.67 -117.42  176.00    4.00    0.04    0.00  241.09             35.651 -117.455    5.800  B
CA01xx_GS EQ19252133301   35.67 -117.42    2.00    3.50    0.06    0.01  190.87             35.634 -117.431    9.200  B
CA01xx_GS EQ19261182729   35.67 -117.42  178.00    2.50    0.04    0.00  247.77             35.653 -117.460    5.800  B
CA01xx_GS EQ19264182049   35.67 -117.42    9.00    4.00    0.05    0.01  185.73             35.630 -117.428    6.200  B
CA01xx_GS EQ19266032013   35.67 -117.42   19.00    5.50    0.03    0.00  205.46             35.632 -117.443    9.300  A
CA01xx_GS EQ19266051613   35.67 -117.42    8.00    8.00    0.03    0.01  241.05             35.646 -117.466    7.300  B
CA01xx_GS EQ19270222017   35.67 -117.42    6.00    5.00    0.05    0.01  203.62             35.644 -117.435    7.600  B
CA01xx_GS EQ19271172738   35.67 -117.42  173.00    6.50    0.05    0.01  207.41             35.641 -117.439    5.400  B
CA01xx_GS EQ19273173256   35.67 -117.42    5.00    2.50    0.05    0.01  197.25             35.638 -117.434    6.700  B
CA01xx_GS EQ19278153704   35.67 -117.42  162.00    7.00    0.02    0.00  261.37             35.659 -117.473    8.200  A
CA01xx_GS EQ19279114545   35.67 -117.42  160.00    9.00    0.04    0.00  281.55             35.674 -117.477    7.300  B
CA01xx_GS EQ19280061807   35.67 -117.42  163.00    4.00    0.02    0.00  269.33             35.665 -117.436    6.800  A
CA01xx_GS EQ19280150250   35.67 -117.42   23.00    9.50    0.03    0.00  238.60             35.654 -117.446    6.900  B
CA01xx_GS EQ19285042348   35.67 -117.42  178.00    4.00    0.05    0.00  234.86             35.650 -117.450    5.600  B
CA01xx_GS EQ19286081029   35.67 -117.42  171.00   17.00    0.04    0.00  219.44             35.639 -117.450    7.100  B
CA01xx_GS EQ19287223637   35.67 -117.42   41.00    4.50    0.04    0.00  240.94             35.650 -117.457    7.400  B
CA01xx_GS EQ19289094608   35.67 -117.42   10.00    9.50    0.03    0.00  267.37             35.663 -117.480    7.800  B
CA01xx_GS EQ19292183013   35.67 -117.42    4.00    7.50    0.04    0.00  252.87             35.659 -117.448    5.200  B
CA01xx_GS EQ19293094613   35.67 -117.42    8.00    4.00    0.05    0.01  194.57             35.639 -117.432    6.000  B
CA01xx_GS EQ19293114217   35.67 -117.42    7.00    8.50    0.05    0.01   60.76             35.670 -117.413    8.900  B
CA01xx_GS EQ19293170251   35.67 -117.42    6.00    3.00    0.05    0.01  291.33             35.684 -117.483    8.800  B
CA01xx_GS EQ19294113238   35.67 -117.42    7.00    6.50    0.03    0.00  269.85             35.665 -117.474    8.500  B
CA01xx_GS EQ19295062616   35.67 -117.42   11.00    5.50    0.05    0.01  205.18             35.642 -117.437    6.800  B
CA01xx_GS EQ19297015023   35.67 -117.42  178.00    3.50    0.04    0.00  243.70             35.644 -117.476    9.100  B
CA01xx_GS EQ19298023228   35.67 -117.42    7.00    4.50    0.04    0.01   28.76             35.681 -117.413    6.700  B
CA01xx_GS EQ19299171546   35.67 -117.42  117.00    1.50    0.03    0.00  300.10             35.670 -117.434    6.500  A
CA01xx_GS EQ19302081013   35.67 -117.42    0.00    9.00    0.04    0.01  216.97             35.642 -117.445    9.200  B
CA03xx_GS EQ19189214314   35.62 -117.57   13.00    6.00    0.04    0.01   47.93             35.656 -117.523   11.400  A
CA03xx_GS EQ19189223946   35.62 -117.57  112.00    4.00    0.09    0.00   32.34             35.675 -117.528   10.700  B
CA03xx_GS EQ19190002730   35.62 -117.57  116.00    3.00    0.09    0.00   40.90             35.673 -117.515   11.400  B
CA03xx_GS EQ19190083008   35.62 -117.57  109.00    2.50    0.09    0.00   29.61             35.671 -117.535    9.200  A
CA03xx_GS EQ19190110515   35.62 -117.57  176.00   21.00    0.02    0.01    8.26             35.662 -117.562    6.700  B
CA03xx_GS EQ19190112250   35.62 -117.57  110.00   12.00    0.03    0.01   18.19             35.667 -117.551    7.700  B
CA03xx_GS EQ19190120949   35.62 -117.57  170.00   14.50    0.03    0.00  109.37             35.620 -117.562   10.100  B
CA03xx_GS EQ19190131124   35.62 -117.57   10.00    5.00    0.03    0.00  236.94             35.612 -117.588    5.500  B
CA03xx_GS EQ19190143156   35.62 -117.57  117.00    4.50    0.08    0.00   33.64             35.670 -117.530   11.000  B
CA03xx_GS EQ19190191855   35.62 -117.57   80.00    5.50    0.08    0.00   20.05             35.667 -117.549    9.900  B
CA03xx_GS EQ19190210238   35.62 -117.57    7.00    9.00    0.04    0.01  114.00             35.610 -117.536    7.100  A
CA03xx_GS EQ19190230548   35.62 -117.57   15.00   20.00    0.03    0.01  349.71             35.653 -117.576    8.800  B
CA03xx_GS EQ19191013410   35.62 -117.57    1.00   19.00    0.04    0.02  212.25             35.595 -117.590    5.700  B
CA03xx_GS EQ19191101309   35.62 -117.57   19.00    5.00    0.04    0.00   30.15             35.625 -117.567    6.500  B
CA03xx_GS EQ19191105437   35.62 -117.57    5.00    6.00    0.05    0.01  257.08             35.617 -117.596    9.600  B
CA03xx_GS EQ19191112004   35.62 -117.57    7.00   18.50    0.03    0.01  223.46             35.598 -117.597    7.600  B
CA03xx_GS EQ19191190740   35.62 -117.57  172.00    3.00    0.03    0.00  229.62             35.611 -117.585    6.600  B
CA03xx_GS EQ19192001054   35.62 -117.57  174.00   10.50    0.05    0.01  137.85             35.575 -117.517   10.200  B
CA03xx_GS EQ19192100007   35.62 -117.57  177.00    8.00    0.05    0.01   87.10             35.625 -117.497   11.000  B
CA03xx_GS EQ19192105845   35.62 -117.57   10.00    1.50    0.05    0.01  247.42             35.618 -117.581    7.900  A
CA03xx_GS EQ19192134036   35.62 -117.57  117.00    4.50    0.08    0.00   35.38             35.675 -117.523   10.300  B
CA03xx_GS EQ19192184646   35.62 -117.57   27.00   17.00    0.02    0.01  233.38             35.613 -117.584    7.000  B
CA03xx_GS EQ19192195001   35.62 -117.57   26.00   18.00    0.04    0.01  329.54             35.633 -117.577    9.700  B
CA03xx_GS EQ19192202933   35.62 -117.57  156.00   11.00    0.02    0.01   19.60             35.675 -117.546   10.400  B
CA03xx_GS EQ19193094648   35.62 -117.57  174.00   11.00    0.03    0.00  226.36             35.612 -117.582    8.000  B
CA03xx_GS EQ19193102833   35.62 -117.57  127.00    9.50    0.03    0.00   38.85             35.690 -117.502   14.300  B
CA03xx_GS EQ19193131634   35.62 -117.57   14.00    4.50    0.05    0.00  277.16             35.625 -117.598   11.600  B
CA03xx_GS EQ19193132626   35.62 -117.57   31.00    6.50    0.04    0.01  330.21             35.639 -117.581   11.900  B
CA03xx_GS EQ19193132854   35.62 -117.57   46.00    7.50    0.04    0.00  220.31             35.600 -117.592    4.800  B
CA03xx_GS EQ19193134455   35.62 -117.57   24.00   14.50    0.03    0.00  324.87             35.637 -117.582   11.200  B
CA03xx_GS EQ19193141512   35.62 -117.57   50.00    8.50    0.04    0.01  220.31             35.600 -117.592    4.900  B
CA03xx_GS EQ19193144910   35.62 -117.57   31.00    5.50    0.04    0.01  279.54             35.626 -117.598    9.200  B
CA03xx_GS EQ19193152838   35.62 -117.57   48.00    5.50    0.04    0.00  217.82             35.599 -117.591    4.800  B
CA03xx_GS EQ19193202443   35.62 -117.57  133.00    3.00    0.03    0.00   18.49             35.676 -117.547    9.600  B
CA03xx_GS EQ19193222700   35.62 -117.57   17.00    8.00    0.06    0.01  260.48             35.620 -117.584    9.100  B
CA03xx_GS EQ19194061002   35.62 -117.57  123.00    8.00    0.03    0.01  208.79             35.588 -117.592    9.600  B
CA03xx_GS EQ19194131121   35.62 -117.57    5.00   10.00    0.03    0.01   47.93             35.656 -117.523   11.500  B
CA03xx_GS EQ19194132211   35.62 -117.57    4.00   18.50    0.03    0.01   13.54             35.680 -117.552   10.300  B
CA03xx_GS EQ19194173825   35.62 -117.57    3.00    9.50    0.04    0.00  218.87             35.611 -117.580    8.600  A
CA03xx_GS EQ19195073214   35.62 -117.57   15.00    4.00    0.05    0.01  235.80             35.606 -117.598    6.000  B
CA03xx_GS EQ19195080745   35.62 -117.57  177.00   10.00    0.03    0.00  225.78             35.611 -117.583    7.500  B
CA03xx_GS EQ19195142238   35.62 -117.57  154.00    9.50    0.02    0.00  229.03             35.598 -117.603    5.900  A
CA03xx_GS EQ19196024947   35.62 -117.57    9.00   14.00    0.03    0.01  195.76             35.605 -117.575    8.700  B
CA03xx_GS EQ19196045556   35.62 -117.57  178.00   10.00    0.04    0.00  259.95             35.618 -117.597    9.700  B
CA03xx_GS EQ19196091547   35.62 -117.57  112.00    3.00    0.08    0.01   33.35             35.673 -117.528   10.700  B
CA03xx_GS EQ19196092036   35.62 -117.57    3.00    3.00    0.04    0.00  239.76             35.614 -117.586    7.600  A
CA03xx_GS EQ19196111329   35.62 -117.57   19.00    6.50    0.04    0.00  337.08             35.645 -117.581   10.200  A
CA03xx_GS EQ19197075109   35.62 -117.57  106.00    2.00    0.07    0.00   25.76             35.678 -117.536   10.600  B
CA03xx_GS EQ19197174230   35.62 -117.57  106.00    2.50    0.08    0.00   31.57             35.666 -117.536    9.500  B
CA03xx_GS EQ19198083957   35.62 -117.57  172.00   20.50    0.02    0.01  229.80             35.609 -117.588    7.400  B
CA03xx_GS EQ19199064934   35.62 -117.57    5.00   19.00    0.03    0.00  230.23             35.599 -117.603    5.900  B
CA03xx_GS EQ19200072714   35.62 -117.57   18.00   10.50    0.03    0.01  339.81             35.644 -117.579    9.900  B
CA03xx_GS EQ19200125858   35.62 -117.57   18.00   16.50    0.03    0.01  339.61             35.624 -117.570    9.200  B
CA03xx_GS EQ19200140622   35.62 -117.57  113.00    3.50    0.08    0.00   31.54             35.678 -117.527   10.700  B
CA03xx_GS EQ19200191906   35.62 -117.57  113.00    4.00    0.08    0.01   33.87             35.672 -117.528   10.700  B
CA03xx_GS EQ19200193417   35.62 -117.57   10.00   13.50    0.03    0.01  218.16             35.592 -117.598   10.000  B
CA03xx_GS EQ19200213436   35.62 -117.57   20.00   13.00    0.02    0.01  221.34             35.611 -117.581    7.800  B
CA03xx_GS EQ19203041055   35.62 -117.57   11.00   18.50    0.03    0.01  339.27             35.652 -117.583    9.600  B
CA03xx_GS EQ19203060523   35.62 -117.57  178.00    7.50    0.04    0.01  257.95             35.617 -117.598    9.500  B
CA03xx_GS EQ19203215748   35.62 -117.57    3.00    6.00    0.03    0.01  233.21             35.605 -117.597    6.100  B
CA03xx_GS EQ19204073147   35.62 -117.57   15.00    6.00    0.04    0.01  241.17             35.614 -117.587    7.600  A
CA03xx_GS EQ19204103215   35.62 -117.57    1.00    6.00    0.03    0.01  232.61             35.604 -117.598    6.100  A
CA03xx_GS EQ19204125452   35.62 -117.57  137.00    7.00    0.04    0.00   17.46             35.682 -117.546   10.100  B
CA03xx_GS EQ19204173245   35.62 -117.57    6.00   12.00    0.04    0.00  241.17             35.614 -117.587    8.500  A
CA03xx_GS EQ19205084114   35.62 -117.57  173.00   16.00    0.03    0.00  229.62             35.611 -117.585    6.600  B
CA03xx_GS EQ19205103911   35.62 -117.57    1.00    8.00    0.03    0.01  231.63             35.604 -117.597    6.100  A
CA03xx_GS EQ19205125719   35.62 -117.57   12.00   13.50    0.03    0.01  330.55             35.632 -117.576    9.400  B
CA03xx_GS EQ19205131114   35.62 -117.57    6.00    8.50    0.04    0.01  251.13             35.619 -117.580    8.100  B
CA03xx_GS EQ19205161142   35.62 -117.57    0.00    3.50    0.04    0.00  242.58             35.617 -117.581    7.800  A
CA03xx_GS EQ19205205224   35.62 -117.57  105.00   12.00    0.04    0.01   19.26             35.683 -117.543   11.100  B
CA03xx_GS EQ19205231947   35.62 -117.57   24.00    9.00    0.04    0.00  335.15             35.643 -117.581    9.200  B
CA03xx_GS EQ19206101210   35.62 -117.57   30.00    5.00    0.04    0.00  288.23             35.629 -117.595   11.400  B
CA03xx_GS EQ19206113443   35.62 -117.57  176.00   10.00    0.03    0.01  333.41             35.661 -117.593    9.300  B
CA03xx_GS EQ19206161522   35.62 -117.57  177.00    8.00    0.03    0.01  221.34             35.611 -117.581    7.700  B
CA03xx_GS EQ19206214302   35.62 -117.57   20.00    5.00    0.04    0.00  321.26             35.626 -117.573    7.200  B
CA03xx_GS EQ19207013425   35.62 -117.57   34.00   15.00    0.03    0.01  223.82             35.600 -117.595    5.400  B
CA03xx_GS EQ19207064457   35.62 -117.57   50.00    6.50    0.04    0.00  225.15             35.601 -117.595    5.300  B
CA03xx_GS EQ19207065832   35.62 -117.57    3.00    7.00    0.03    0.00  223.82             35.600 -117.595    5.300  B
CA03xx_GS EQ19207123139   35.62 -117.57   83.00    4.50    0.09    0.00   29.96             35.659 -117.543    8.900  B
CA03xx_GS EQ19208120440   35.62 -117.57   11.00   10.00    0.02    0.01  235.80             35.611 -117.589    6.500  A
CA03xx_GS EQ19208121342   35.62 -117.57  135.00   13.50    0.03    0.01   20.03             35.676 -117.545    9.900  B
CA03xx_GS EQ19208150547   35.62 -117.57  177.00   14.00    0.03    0.01  243.18             35.613 -117.591    7.500  A
CA03xx_GS EQ19209154907   35.62 -117.57  102.00    5.00    0.08    0.00   31.75             35.667 -117.535    9.900  A
CA03xx_GS EQ19210012611   35.62 -117.57   13.00   14.00    0.03    0.01  226.77             35.606 -117.590    7.500  B
CA03xx_GS EQ19210084655   35.62 -117.57   16.00   11.50    0.03    0.00  340.26             35.640 -117.577   10.800  B
CA03xx_GS EQ19210102118   35.62 -117.57    1.00   12.00    0.02    0.00  218.92             35.609 -117.582    6.300  B
CA03xx_GS EQ19210160206   35.62 -117.57   50.00    8.50    0.04    0.01  219.07             35.599 -117.592    4.800  B
CA03xx_GS EQ19210182922   35.62 -117.57  107.00    5.00    0.09    0.00   35.81             35.664 -117.532   10.600  B
CA03xx_GS EQ19210234755   35.62 -117.57   49.00    6.50    0.04    0.00  219.07             35.599 -117.592    4.800  B
CA03xx_GS EQ19211012448   35.62 -117.57    4.00   17.00    0.02    0.01  238.22             35.614 -117.585    7.500  B
CA03xx_GS EQ19211012825   35.62 -117.57   37.00    5.50    0.04    0.00  281.88             35.627 -117.598    8.900  B
CA03xx_GS EQ19211125233   35.62 -117.57  172.00   15.00    0.03    0.00  230.51             35.610 -117.587    7.500  B
CA03xx_GS EQ19211145850   35.62 -117.57   96.00    5.00    0.08    0.00   31.57             35.666 -117.536    9.500  A
CA03xx_GS EQ19212130335   35.62 -117.57  105.00    5.00    0.08    0.00   31.00             35.667 -117.536    9.900  A
CA03xx_GS EQ19212184511   35.62 -117.57   10.00    7.50    0.03    0.00  354.02             35.629 -117.570    7.400  B
CA03xx_GS EQ19214031600   35.62 -117.57  113.00    5.50    0.08    0.01   33.09             35.666 -117.534   11.900  B
CA03xx_GS EQ19214044042   35.62 -117.57   11.00    6.00    0.04    0.01   83.77             35.628 -117.502    9.500  B
CA03xx_GS EQ19214065757   35.62 -117.57  167.00   10.00    0.06    0.01  145.14             35.575 -117.529    9.400  B
CA03xx_GS EQ19214090759   35.62 -117.57   41.00   12.00    0.04    0.00  226.39             35.598 -117.600    6.400  B
CA03xx_GS EQ19216035251   35.62 -117.57   25.00    5.00    0.04    0.01  340.62             35.645 -117.579    9.900  B
CA03xx_GS EQ19216164516   35.62 -117.57  179.00    6.50    0.04    0.01  257.08             35.617 -117.596    8.900  B
CA03xx_GS EQ19217073739   35.62 -117.57   13.00    4.50    0.04    0.00  234.85             35.606 -117.597    6.100  A
CA03xx_GS EQ19217091159   35.62 -117.57  111.00    2.00    0.08    0.00   28.64             35.673 -117.535    9.800  B
CA03xx_GS EQ19217120656   35.62 -117.57   95.00    4.00    0.08    0.01   32.15             35.678 -117.526   10.600  B
CA03xx_GS EQ19217125848   35.62 -117.57   15.00    5.00    0.04    0.01  339.61             35.624 -117.570    9.200  B
CA03xx_GS EQ19217185347   35.62 -117.57    4.00   13.00    0.04    0.00  239.63             35.613 -117.588    8.700  B
CA03xx_GS EQ19218170727   35.62 -117.57    7.00    2.50    0.03    0.00  230.58             35.606 -117.593    6.400  A
CA03xx_GS EQ19220075237   35.62 -117.57   38.00    8.50    0.05    0.01  275.78             35.625 -117.605    9.400  B
CA03xx_GS EQ19221155801   35.62 -117.57   31.00    5.50    0.04    0.00  337.08             35.645 -117.581    9.500  B
CA03xx_GS EQ19223185917   35.62 -117.57    3.00   20.50    0.03    0.01    4.68             35.663 -117.565    6.600  B
CA03xx_GS EQ19223232100   35.62 -117.57    4.00    2.50    0.03    0.00  226.36             35.612 -117.582    7.400  B
CA03xx_GS EQ19227150353   35.62 -117.57   27.00   11.50    0.04    0.01  328.73             35.634 -117.578   10.300  A
CA03xx_GS EQ19229055632   35.62 -117.57    0.00   17.00    0.03    0.01  246.36             35.616 -117.586    8.100  B
CA03xx_GS EQ19229203344   35.62 -117.57    0.00    9.50    0.03    0.00  229.62             35.611 -117.585    6.600  B
CA03xx_GS EQ19229203950   35.62 -117.57    5.00   12.50    0.03    0.00  237.09             35.611 -117.590    6.200  B
CA03xx_GS EQ19230141801   35.62 -117.57  169.00    7.00    0.03    0.00  228.49             35.612 -117.583    7.600  B
CA03xx_GS EQ19232100756   35.62 -117.57   17.00    4.00    0.06    0.01  258.14             35.620 -117.581    7.900  B
CA03xx_GS EQ19233093127   35.62 -117.57  137.00    8.00    0.05    0.04   18.45             35.681 -117.545    9.900  B
CA03xx_GS EQ19233113610   35.62 -117.57   17.00    1.50    0.05    0.01  321.43             35.625 -117.572    7.900  A
CA03xx_GS EQ19233124554   35.62 -117.57  172.00   10.50    0.03    0.00    0.09             35.678 -117.569   10.000  B
CA03xx_GS EQ19233192300   35.62 -117.57  179.00   17.00    0.03    0.00  247.29             35.619 -117.578    8.100  B
CA03xx_GS EQ19234225429   35.62 -117.57  126.00    9.50    0.03    0.01   17.73             35.681 -117.546   10.200  B
CA03xx_GS EQ19235200221   35.62 -117.57   22.00   19.50    0.03    0.00  229.62             35.611 -117.585    6.800  B
CA03xx_GS EQ19236002251   35.62 -117.57   38.00   18.50    0.04    0.00  269.76             35.622 -117.580    3.100  B
CA03xx_GS EQ19236155810   35.62 -117.57   48.00    8.50    0.08    0.00  337.98             35.640 -117.578   10.400  B
CA03xx_GS EQ19236180054   35.62 -117.57   92.00    5.50    0.08    0.00   30.90             35.659 -117.542    9.000  B
CA03xx_GS EQ19236182758   35.62 -117.57   34.00    4.50    0.05    0.01  280.62             35.626 -117.595    9.800  B
CA03xx_GS EQ19236183017   35.62 -117.57   32.00    4.50    0.05    0.01  280.62             35.626 -117.595    9.800  B
CA03xx_GS EQ19237122708   35.62 -117.57    9.00    4.50    0.04    0.00    8.56             35.666 -117.561    7.400  A
CA03xx_GS EQ19238020201   35.62 -117.57  107.00    4.50    0.08    0.00   31.75             35.667 -117.535    9.900  A
CA03xx_GS EQ19238092222   35.62 -117.57   12.00    7.50    0.02    0.00  232.61             35.609 -117.590    5.300  B
CA03xx_GS EQ19239143937   35.62 -117.57  112.00    3.00    0.07    0.01   32.05             35.673 -117.530   10.800  B
CA03xx_GS EQ19239184749   35.62 -117.57    5.00    4.50    0.03    0.00  230.58             35.606 -117.593    6.500  A
CA03xx_GS EQ19239184828   35.62 -117.57    7.00    4.00    0.03    0.00  227.66             35.605 -117.592    6.500  A
CA03xx_GS EQ19240023534   35.62 -117.57  140.00    6.00    0.02    0.00   20.31             35.684 -117.541   11.100  B
CA03xx_GS EQ19240185003   35.62 -117.57  118.00    2.50    0.08    0.00   34.09             35.674 -117.526   11.500  A
CA03xx_GS EQ19241090343   35.62 -117.57   12.00    6.50    0.04    0.01  193.48             35.619 -117.570    9.200  B
CA03xx_GS EQ19241124832   35.62 -117.57    0.00    2.50    0.03    0.00  226.36             35.612 -117.582    7.400  B
CA03xx_GS EQ19241193922   35.62 -117.57   27.00   16.00    0.04    0.01  296.53             35.633 -117.596   10.800  B
CA03xx_GS EQ19242101330   35.62 -117.57    3.00    7.00    0.04    0.00   17.01             35.665 -117.553   11.200  B
CA03xx_GS EQ19242213419   35.62 -117.57   52.00    8.00    0.05    0.01  230.63             35.602 -117.599    6.100  A
CA03xx_GS EQ19243131108   35.62 -117.57   26.00    8.50    0.04    0.01  329.67             35.647 -117.587   10.800  B
CA03xx_GS EQ19244002224   35.62 -117.57  104.00    3.00    0.09    0.01   36.40             35.662 -117.533    9.300  B
CA03xx_GS EQ19245121258   35.62 -117.57  103.00    4.50    0.08    0.00   34.61             35.673 -117.526   11.600  A
CA03xx_GS EQ19246023214   35.62 -117.57  102.00    4.50    0.09    0.00   37.57             35.672 -117.522   11.100  A
CA03xx_GS EQ19250025859   35.62 -117.57  101.00    3.50    0.08    0.00   34.61             35.673 -117.526   11.400  A
CA03xx_GS EQ19251103502   35.62 -117.57   14.00   14.00    0.03    0.00  349.39             35.639 -117.573    9.600  B
CA03xx_GS EQ19251123123   35.62 -117.57    4.00   15.50    0.03    0.00  230.51             35.610 -117.587    7.500  B
CA03xx_GS EQ19254063112   35.62 -117.57   89.00    6.00    0.08    0.01   32.32             35.657 -117.542    8.700  B
CA03xx_GS EQ19254084910   35.62 -117.57  108.00    6.00    0.08    0.01   34.32             35.664 -117.534   10.000  B
CA03xx_GS EQ19254112428   35.62 -117.57  100.00    3.50    0.08    0.00   34.09             35.674 -117.526   11.400  B
CA03xx_GS EQ19254143854   35.62 -117.57   92.00    5.00    0.08    0.00   29.51             35.664 -117.540    9.500  B
CA03xx_GS EQ19254181206   35.62 -117.57  138.00    5.50    0.05    0.01   52.25             35.660 -117.509   10.600  A
CA03xx_GS EQ19255014030   35.62 -117.57   24.00    7.00    0.03    0.01  335.98             35.642 -117.580    9.500  B
CA03xx_GS EQ19255112244   35.62 -117.57   25.00   12.00    0.02    0.01  226.36             35.612 -117.582    7.500  B
CA03xx_GS EQ19255213202   35.62 -117.57   45.00   17.00    0.03    0.01    0.20             35.647 -117.569    8.600  B
CA03xx_GS EQ19256033911   35.62 -117.57   20.00    8.50    0.03    0.01  354.37             35.646 -117.572    9.300  B
CA03xx_GS EQ19256181824   35.62 -117.57   24.00    7.00    0.03    0.01  335.98             35.642 -117.580    9.500  A
CA03xx_GS EQ19258115654   35.62 -117.57   31.00   22.00    0.03    0.01  354.60             35.647 -117.572    9.300  B
CA03xx_GS EQ19259072941   35.62 -117.57   96.00    3.50    0.07    0.00   28.19             35.677 -117.533   10.500  B
CA03xx_GS EQ19259161146   35.62 -117.57  100.00    3.50    0.07    0.00   28.19             35.677 -117.533   10.600  B
CA03xx_GS EQ19259201101   35.62 -117.57  137.00    7.00    0.05    0.01   18.02             35.680 -117.546    9.600  B
CA03xx_GS EQ19262113055   35.62 -117.57  103.00    3.00    0.07    0.00   28.19             35.677 -117.533   10.500  B
CA03xx_GS EQ19263101109   35.62 -117.57   98.00    6.00    0.08    0.00   30.23             35.660 -117.542    8.800  B
CA03xx_GS EQ19266210908   35.62 -117.57   15.00   13.50    0.03    0.01  355.34             35.641 -117.571    7.700  B
CA03xx_GS EQ19267083142   35.62 -117.57   17.00   18.50    0.03    0.01  327.73             35.640 -117.583    9.300  B
CA03xx_GS EQ19268011127   35.62 -117.57   23.00   11.00    0.03    0.01  332.52             35.636 -117.578   11.100  B
CA03xx_GS EQ19275085544   35.62 -117.57  109.00    6.00    0.04    0.01   16.92             35.684 -117.546   11.300  B
CA03xx_GS EQ19277011050   35.62 -117.57    5.00    3.00    0.04    0.00  240.17             35.616 -117.582    6.800  A
CA03xx_GS EQ19277040221   35.62 -117.57  167.00    7.50    0.02    0.00  226.24             35.601 -117.596    7.700  B
CA03xx_GS EQ19277140023   35.62 -117.57   37.00   19.50    0.03    0.02  345.01             35.640 -117.575    9.700  B
CA03xx_GS EQ19277162633   35.62 -117.57   27.00   20.00    0.03    0.01  354.37             35.646 -117.572    9.200  B
CA03xx_GS EQ19277172317   35.62 -117.57    8.00    6.00    0.04    0.01  240.17             35.616 -117.582    6.800  B
CA03xx_GS EQ19277173652   35.62 -117.57   24.00    6.00    0.04    0.00  326.47             35.633 -117.578    8.100  B
CA03xx_GS EQ19277173710   35.62 -117.57   26.00    5.50    0.04    0.01  326.47             35.633 -117.578    8.100  B
CA03xx_GS EQ19277214248   35.62 -117.57    4.00   13.00    0.03    0.01  359.30             35.682 -117.570   13.600  B
CA03xx_GS EQ19278113928   35.62 -117.57  169.00   15.50    0.03    0.01  238.25             35.613 -117.587    7.600  B
CA03xx_GS EQ19278185109   35.62 -117.57   30.00   13.00    0.03    0.01    2.07             35.647 -117.568    8.700  B
CA03xx_GS EQ19280042353   35.62 -117.57  143.00    6.50    0.05    0.01   17.40             35.677 -117.548    9.800  B
CA03xx_GS EQ19281070758   35.62 -117.57    0.00    3.50    0.04    0.00  253.55             35.617 -117.590    8.700  A
CA03xx_GS EQ19281131246   35.62 -117.57   20.00    2.00    0.05    0.01  259.40             35.619 -117.589    8.900  A
CA03xx_GS EQ19286022815   35.62 -117.57    1.00    2.50    0.03    0.00  226.36             35.612 -117.582    6.700  B
CA03xx_GS EQ19286064951   35.62 -117.57  176.00    7.50    0.03    0.00  232.27             35.612 -117.585    7.000  B
CA03xx_GS EQ19286065215   35.62 -117.57    3.00   10.00    0.03    0.01  232.27             35.612 -117.585    7.000  A
CA03xx_GS EQ19286104903   35.62 -117.57  178.00    3.00    0.03    0.00  225.78             35.611 -117.583    7.200  B
CA03xx_GS EQ19286235207   35.62 -117.57  177.00   15.50    0.02    0.01  232.27             35.612 -117.585    6.900  B
CA03xx_GS EQ19287193111   35.62 -117.57    4.00    4.50    0.04    0.00  354.57             35.664 -117.574   10.100  B
CA03xx_GS EQ19287221741   35.62 -117.57   11.00   16.50    0.03    0.01  335.98             35.642 -117.580    9.400  B
CA03xx_GS EQ19288080940   35.62 -117.57   14.00   13.50    0.02    0.01  232.27             35.612 -117.585    6.900  B
CA03xx_GS EQ19288092443   35.62 -117.57    3.00    6.50    0.03    0.00  230.46             35.612 -117.584    7.100  B
CA03xx_GS EQ19288101655   35.62 -117.57   10.00   16.00    0.02    0.00  228.49             35.612 -117.583    7.200  B
CA03xx_GS EQ19289232928   35.62 -117.57    5.00   17.50    0.04    0.00  359.34             35.685 -117.570   10.000  A
CA03xx_GS EQ19293142234   35.62 -117.57   10.00   16.00    0.03    0.00  348.24             35.653 -117.577    9.200  B
CA03xx_GS EQ19294014942   35.62 -117.57    5.00    7.50    0.03    0.01  250.56             35.614 -117.597    8.900  B
CA03xx_GS EQ19299162108   35.62 -117.57  123.00    4.50    0.07    0.01   38.26             35.678 -117.515   11.500  B
CA03xx_GS EQ19305053433   35.62 -117.57  177.00   10.00    0.03    0.01  240.92             35.618 -117.578    7.500  A
CA03xx_GS EQ19306073635   35.62 -117.57  164.00   16.00    0.03    0.00  222.85             35.601 -117.593    5.400  A
CA03xx_GS EQ19309171627   35.62 -117.57   28.00    7.00    0.04    0.01  350.96             35.642 -117.573    8.800  B
CA03xx_GS EQ19310000020   35.62 -117.57   11.00    8.00    0.03    0.00  224.75             35.604 -117.591    6.700  A
CA03xx_GS EQ19310221935   35.62 -117.57  168.00   13.50    0.03    0.00    8.92             35.685 -117.557   10.000  A
CA03xx_GS EQ19313214418   35.62 -117.57   23.00    6.50    0.03    0.00  224.49             35.603 -117.592    6.900  B
CA03xx_GS EQ19315203459   35.62 -117.57  175.00   15.00    0.03    0.01  236.53             35.614 -117.584    7.600  B
CA03xx_GS EQ19317225147   35.62 -117.57   16.00   20.50    0.03    0.01  312.70             35.631 -117.581   10.400  B
CA03xx_GS EQ19318032253   35.62 -117.57  113.00    3.50    0.07    0.00   34.09             35.674 -117.526   11.400  B
CA03xx_GS EQ19318215518   35.62 -117.57   22.00    9.00    0.03    0.01  344.98             35.643 -117.576    9.000  B
CA03xx_GS EQ19320190949   35.62 -117.57    6.00   10.00    0.04    0.00    0.11             35.668 -117.569    7.400  B
CA03xx_GS EQ19329185444   35.62 -117.57    0.00    8.00    0.03    0.01  228.49             35.612 -117.583    7.500  B
CA03xx_GS EQ19330113614   35.62 -117.57  146.00    9.50    0.02    0.00   15.30             35.679 -117.550   10.100  B
CA03xx_GS EQ19333024841   35.62 -117.57  172.00    7.50    0.03    0.00   15.31             35.676 -117.551    9.300  B
CA03xx_GS EQ19334034213   35.62 -117.57  168.00   18.50    0.03    0.01  351.57             35.660 -117.576   10.900  B
CA03xx_GS EQ19337150206   35.62 -117.57  113.00    3.50    0.08    0.00   33.87             35.672 -117.528   10.600  B
CA03xx_GS EQ19339044617   35.62 -117.57   27.00    7.50    0.04    0.01  311.29             35.632 -117.583    8.400  B
CA03xx_GS EQ19341084607   35.62 -117.57   10.00    5.00    0.04    0.00  286.92             35.624 -117.577    4.400  B
CA03xx_GS EQ19341102145   35.62 -117.57   14.00    7.00    0.03    0.01  334.06             35.642 -117.581    9.600  B
CA03xx_GS EQ19341120112   35.62 -117.57   13.00   10.00    0.03    0.01   85.85             35.626 -117.502   10.200  B
CA03xx_GS EQ19341223843   35.62 -117.57  167.00    6.50    0.03    0.00  232.93             35.611 -117.587    7.600  A
CA03xx_GS EQ19342140644   35.62 -117.57  143.00    6.50    0.05    0.01   17.73             35.681 -117.546   10.100  B
CA03xx_GS EQ19344115056   35.62 -117.57   24.00   11.00    0.03    0.01  335.98             35.642 -117.580    9.300  B
CA03xx_GS EQ19344150034   35.62 -117.57   33.00    3.50    0.05    0.01  276.27             35.624 -117.591    8.400  B
CA03xx_GS EQ19346061253   35.62 -117.57   19.00   15.00    0.04    0.01  343.14             35.646 -117.578    9.600  B
CA03xx_GS EQ19349204654   35.62 -117.57   36.00    8.00    0.09    0.00   45.50             35.651 -117.533    7.000  B
CA03xx_GS EQ19354185551   35.62 -117.57    8.00   18.50    0.03    0.01  233.11             35.608 -117.592    5.700  A
CA03xx_GS EQ19354214521   35.62 -117.57  173.00   20.50    0.03    0.01    4.36             35.666 -117.565    7.000  B
CA03xx_GS EQ19355000653   35.62 -117.57    6.00    9.50    0.04    0.01    4.36             35.666 -117.565    7.100  A
CA03xx_GS EQ19356073116   35.62 -117.57   86.00    5.50    0.08    0.00   29.67             35.658 -117.544    8.600  B
CA03xx_GS EQ19356092700   35.62 -117.57    7.00   11.00    0.02    0.00  235.80             35.611 -117.589    6.400  B
CA03xx_GS EQ19358213619   35.62 -117.57  111.00    9.50    0.03    0.00   14.63             35.688 -117.548   11.000  B
CA03xx_GS EQ19362061651   35.62 -117.57   20.00    8.00    0.03    0.01  339.04             35.641 -117.578   10.900  B
CA03xx_GS EQ19364055144   35.62 -117.57   42.00    4.50    0.04    0.00  284.13             35.629 -117.603    9.900  B
CA03xx_GS EQ19364085356   35.62 -117.57  124.00   10.50    0.03    0.00   19.94             35.683 -117.542   11.200  B
CA06xx_GS EQ19192022200   35.60 -117.49   39.00    5.00    0.02    0.00   93.95             35.598 -117.464    3.800  A
CA06xx_GS EQ19192030256   35.60 -117.49   26.00    2.50    0.12    0.01   42.24             35.629 -117.460    9.400  B
CA06xx_GS EQ19192032231   35.60 -117.49    5.00   10.00    0.05    0.01   13.27             35.647 -117.479    8.900  A
CA06xx_GS EQ19192033228   35.60 -117.49    8.00    4.50    0.11    0.01   49.84             35.618 -117.466    9.200  B
CA06xx_GS EQ19192045944   35.60 -117.49   20.00    9.50    0.09    0.03   75.22             35.603 -117.477    8.800  A
CA06xx_GS EQ19192052534   35.60 -117.49  168.00    5.50    0.11    0.04   62.65             35.613 -117.461   10.000  B
CA06xx_GS EQ19192062043   35.60 -117.49  174.00    6.00    0.04    0.00   23.48             35.646 -117.468    8.800  B
CA06xx_GS EQ19192065616   35.60 -117.49    5.00    2.00    0.10    0.01   47.54             35.630 -117.452    8.600  B
CA06xx_GS EQ19192070314   35.60 -117.49   17.00   12.00    0.03    0.00   73.59             35.607 -117.462    6.800  B
CA06xx_GS EQ19192082058   35.60 -117.49    7.00    3.50    0.12    0.00   52.44             35.617 -117.465   10.900  B
CA06xx_GS EQ19192103109   35.60 -117.49   39.00    9.50    0.11    0.03   44.09             35.612 -117.478    8.500  B
CA06xx_GS EQ19192123923   35.60 -117.49    2.00    5.50    0.08    0.00   73.08             35.606 -117.467    6.400  B
CA06xx_GS EQ19192125416   35.60 -117.49   37.00   10.00    0.03    0.01   40.19             35.637 -117.454    8.600  A
CA06xx_GS EQ19192155544   35.60 -117.49   15.00    4.50    0.09    0.02   57.70             35.617 -117.459    9.700  A
CA06xx_GS EQ19192163148   35.60 -117.49    5.00   11.00    0.10    0.03   67.22             35.605 -117.477    8.700  B
CA06xx_GS EQ19192170045   35.60 -117.49   19.00   10.00    0.05    0.01   46.70             35.614 -117.474    8.900  A
CA06xx_GS EQ19192175858   35.60 -117.49   30.00   14.00    0.02    0.00   66.67             35.615 -117.449    9.800  A
CA06xx_GS EQ19192182028   35.60 -117.49    7.00    4.50    0.08    0.00   68.66             35.611 -117.457    8.300  A
CA06xx_GS EQ19192183351   35.60 -117.49  176.00    7.00    0.04    0.00   36.46             35.628 -117.467    6.100  B
CA06xx_GS EQ19192185452   35.60 -117.49   41.00    5.50    0.11    0.03   64.67             35.608 -117.471    9.800  B
CA06xx_GS EQ19192195908   35.60 -117.49   35.00    7.00    0.08    0.02   42.30             35.611 -117.480    4.100  B
CA06xx_GS EQ19192213741   35.60 -117.49   10.00    4.00    0.10    0.01   69.57             35.605 -117.475    7.400  B
CA06xx_GS EQ19192224750   35.60 -117.49   41.00   14.50    0.09    0.02   71.39             35.613 -117.444    6.800  B
CA06xx_GS EQ19193005945   35.60 -117.49   15.00    2.50    0.03    0.00   49.12             35.610 -117.478    4.700  B
CA06xx_GS EQ19193015059   35.60 -117.49   20.00   10.50    0.03    0.01   88.77             35.600 -117.471    4.200  B
CA06xx_GS EQ19193081020   35.60 -117.49   12.00   17.00    0.09    0.02   67.52             35.611 -117.459    8.100  B
CA06xx_GS EQ19193081919   35.60 -117.49    7.00    8.50    0.04    0.00   13.97             35.615 -117.488    5.500  B
CA06xx_GS EQ19193093625   35.60 -117.49    6.00   19.50    0.08    0.02   83.98             35.602 -117.465    5.200  B
CA06xx_GS EQ19193093648   35.60 -117.49   29.00    3.00    0.11    0.00   72.18             35.604 -117.476    7.300  B
CA06xx_GS EQ19193094928   35.60 -117.49    7.00    8.50    0.05    0.01   65.08             35.623 -117.431    8.900  B
CA06xx_GS EQ19193112108   35.60 -117.49   33.00   13.50    0.09    0.02   68.05             35.613 -117.452    5.700  B
CA06xx_GS EQ19193112411   35.60 -117.49    5.00   15.50    0.04    0.00   58.47             35.621 -117.450    6.700  B
CA06xx_GS EQ19193112908   35.60 -117.49   20.00    2.50    0.10    0.01   60.29             35.606 -117.479    8.900  B
CA06xx_GS EQ19193113655   35.60 -117.49   23.00   11.50    0.03    0.00   32.29             35.647 -117.456    9.300  B
CA06xx_GS EQ19193120126   35.60 -117.49   18.00   19.00    0.03    0.01   10.20             35.639 -117.484    6.600  B
CA06xx_GS EQ19193151622   35.60 -117.49    8.00   14.50    0.05    0.01  328.29             35.641 -117.524   10.000  A
CA06xx_GS EQ19193163439   35.60 -117.49  141.00    4.50    0.03    0.00   65.93             35.617 -117.445    7.200  B
CA06xx_GS EQ19193170723   35.60 -117.49   50.00    9.00    0.02    0.00   30.04             35.626 -117.474    6.500  B
CA06xx_GS EQ19193172835   35.60 -117.49   17.00    4.00    0.03    0.00   28.61             35.653 -117.457   10.400  B
CA06xx_GS EQ19193182143   35.60 -117.49   32.00    4.00    0.09    0.02  341.31             35.639 -117.509    9.800  B
CA06xx_GS EQ19193182631   35.60 -117.49    1.00    7.50    0.05    0.01    9.45             35.652 -117.482    8.900  B
CA06xx_GS EQ19193203550   35.60 -117.49   51.00    4.50    0.02    0.00  158.31             35.590 -117.488    6.500  B
CA06xx_GS EQ19194043954   35.60 -117.49   15.00    7.50    0.10    0.04   61.29             35.612 -117.465   10.500  B
CA06xx_GS EQ19194071622   35.60 -117.49    2.00    8.00    0.05    0.01   60.93             35.614 -117.461    9.700  B
CA06xx_GS EQ19194091710   35.60 -117.49   44.00    9.00    0.02    0.01   37.99             35.639 -117.455    8.900  B
CA06xx_GS EQ19194091752   35.60 -117.49   14.00    6.00    0.06    0.01   76.07             35.603 -117.476    6.700  B
CA06xx_GS EQ19194133348   35.60 -117.49   34.00   16.00    0.03    0.01   69.89             35.607 -117.468    6.100  B
CA06xx_GS EQ19194145430   35.60 -117.49   12.00    6.00    0.09    0.01   82.99             35.607 -117.419    9.600  B
CA06xx_GS EQ19194153532   35.60 -117.49   23.00   13.50    0.03    0.00   91.92             35.598 -117.434    8.500  B
CA06xx_GS EQ19195031239   35.60 -117.49    4.00    9.00    0.05    0.00   50.89             35.618 -117.465   11.200  B
CA06xx_GS EQ19196021608   35.60 -117.49   31.00    3.00    0.04    0.00    6.76             35.625 -117.489   10.100  B
CA06xx_GS EQ19196024254   35.60 -117.49   22.00    8.50    0.08    0.00   74.45             35.605 -117.469    6.000  B
CA06xx_GS EQ19196070546   35.60 -117.49   51.00   12.50    0.02    0.01   12.73             35.631 -117.484    5.100  B
CA06xx_GS EQ19196075143   35.60 -117.49   27.00   16.00    0.03    0.01  102.32             35.597 -117.478    5.600  B
CA06xx_GS EQ19196162317   35.60 -117.49   13.00    6.00    0.05    0.02   62.94             35.612 -117.463    9.900  B
CA06xx_GS EQ19196191006   35.60 -117.49   52.00    6.50    0.10    0.03   77.69             35.609 -117.440    7.000  B
CA06xx_GS EQ19197023736   35.60 -117.49   21.00   14.50    0.03    0.01   46.50             35.611 -117.478    9.300  B
CA06xx_GS EQ19197034812   35.60 -117.49   33.00    6.50    0.10    0.01   25.99             35.651 -117.462   10.000  B
CA06xx_GS EQ19197043243   35.60 -117.49   26.00   16.00    0.09    0.01   58.34             35.605 -117.482    8.900  B
CA06xx_GS EQ19197043910   35.60 -117.49   16.00   14.50    0.10    0.01   53.48             35.623 -117.454    6.500  B
CA06xx_GS EQ19197062728   35.60 -117.49   46.00    9.00    0.03    0.01   50.47             35.625 -117.455    6.600  B
CA06xx_GS EQ19197180115   35.60 -117.49   19.00   10.00    0.11    0.03   49.02             35.615 -117.471    9.300  B
CA06xx_GS EQ19197193558   35.60 -117.49   11.00    2.50    0.11    0.01   57.75             35.618 -117.457    9.300  B
CA06xx_GS EQ19198131425   35.60 -117.49   28.00    7.50    0.08    0.02   82.67             35.602 -117.470    6.100  A
CA06xx_GS EQ19198133406   35.60 -117.49   16.00   14.50    0.04    0.00   20.23             35.641 -117.474    8.900  A
CA06xx_GS EQ19198150921   35.60 -117.49   18.00    3.50    0.05    0.00   18.68             35.623 -117.483    8.800  B
CA06xx_GS EQ19198164956   35.60 -117.49   30.00    5.50    0.09    0.00   96.40             35.598 -117.475    6.600  B
CA06xx_GS EQ19198204427   35.60 -117.49   60.00   11.50    0.10    0.04   20.79             35.614 -117.486    6.300  B
CA06xx_GS EQ19199045924   35.60 -117.49  166.00    4.00    0.06    0.01   62.81             35.615 -117.456   11.000  B
CA06xx_GS EQ19199092710   35.60 -117.49    7.00   13.00    0.10    0.03   70.36             35.617 -117.433   13.700  B
CA06xx_GS EQ19199125754   35.60 -117.49   21.00    3.50    0.10    0.01    6.27             35.627 -117.489    9.300  B
CA06xx_GS EQ19199144953   35.60 -117.49   15.00    8.50    0.08    0.00  352.66             35.665 -117.503   10.900  B
CA06xx_GS EQ19200002716   35.60 -117.49   22.00    8.50    0.12    0.03   46.26             35.615 -117.473    8.900  B
CA06xx_GS EQ19200103008   35.60 -117.49   19.00    3.50    0.12    0.01   42.13             35.621 -117.469    9.500  B
CA06xx_GS EQ19200115755   35.60 -117.49   12.00   13.50    0.04    0.00    3.71             35.646 -117.489    7.500  A
CA06xx_GS EQ19200130050   35.60 -117.49   16.00    3.50    0.07    0.00  351.84             35.664 -117.504   11.000  B
CA06xx_GS EQ19200185432   35.60 -117.49    3.00    7.50    0.04    0.00   75.22             35.603 -117.477    7.400  B
CA06xx_GS EQ19200194135   35.60 -117.49   31.00   15.00    0.11    0.01   57.14             35.610 -117.473    9.400  B
CA06xx_GS EQ19200222521   35.60 -117.49   14.00   14.00    0.02    0.01   69.19             35.611 -117.456    6.000  B
CA06xx_GS EQ19201051745   35.60 -117.49   19.00    8.50    0.11    0.01  127.71             35.560 -117.430   10.800  B
CA06xx_GS EQ19201053642   35.60 -117.49    6.00    3.50    0.11    0.01   64.71             35.613 -117.458   10.500  B
CA06xx_GS EQ19201054811   35.60 -117.49   31.00    9.00    0.02    0.00   39.65             35.620 -117.472    8.400  B
CA06xx_GS EQ19201084905   35.60 -117.49   74.00   16.00    0.03    0.01   62.20             35.621 -117.443    8.400  B
CA06xx_GS EQ19201092316   35.60 -117.49   22.00    7.00    0.10    0.03   29.64             35.625 -117.475    6.400  B
CA06xx_GS EQ19201122152   35.60 -117.49   60.00   14.50    0.02    0.00   36.46             35.628 -117.467    8.100  B
CA06xx_GS EQ19202040358   35.60 -117.49   38.00    4.50    0.03    0.00   14.14             35.631 -117.483    5.300  B
CA06xx_GS EQ19202123217   35.60 -117.49   26.00    5.00    0.10    0.00   47.67             35.615 -117.472    9.300  B
CA06xx_GS EQ19203082215   35.60 -117.49   15.00   11.00    0.12    0.04   41.36             35.629 -117.461    9.200  B
CA06xx_GS EQ19203104939   35.60 -117.49   98.00    8.50    0.03    0.01   27.94             35.633 -117.471    8.800  B
CA06xx_GS EQ19203152116   35.60 -117.49   12.00   10.00    0.08    0.00  354.94             35.667 -117.500   11.300  B
CA06xx_GS EQ19203154440   35.60 -117.49    9.00    7.50    0.04    0.00   35.98             35.633 -117.463    7.000  B
CA06xx_GS EQ19203182830   35.60 -117.49   12.00   11.50    0.04    0.00   26.93             35.620 -117.480    6.500  B
CA06xx_GS EQ19203204644   35.60 -117.49    0.00   15.00    0.03    0.00   73.80             35.605 -117.470    6.300  B
CA06xx_GS EQ19204142922   35.60 -117.49  178.00    5.00    0.11    0.00   61.90             35.613 -117.462    9.900  B
CA06xx_GS EQ19204201059   35.60 -117.49   21.00   15.00    0.03    0.00   44.48             35.611 -117.479    8.800  A
CA06xx_GS EQ19205031318   35.60 -117.49   12.00   15.50    0.03    0.01   70.83             35.614 -117.442    7.600  B
CA06xx_GS EQ19205102933   35.60 -117.49   27.00    7.00    0.04    0.00   71.50             35.608 -117.462    5.500  B
CA06xx_GS EQ19205220547   35.60 -117.49    6.00   11.50    0.10    0.02   61.90             35.613 -117.462    9.900  B
CA06xx_GS EQ19206001609   35.60 -117.49   17.00   12.00    0.04    0.01   11.15             35.648 -117.481    9.000  B
CA06xx_GS EQ19206040836   35.60 -117.49   34.00    4.00    0.09    0.00   80.09             35.602 -117.476    8.100  B
CA06xx_GS EQ19206073551   35.60 -117.49    7.00    7.00    0.04    0.00   56.24             35.618 -117.459    7.800  B
CA06xx_GS EQ19207032533   35.60 -117.49  172.00   13.50    0.05    0.01   69.32             35.610 -117.459    8.200  B
CA06xx_GS EQ19207102642   35.60 -117.49   16.00   13.00    0.09    0.03   77.97             35.602 -117.479    6.600  B
CA06xx_GS EQ19207204624   35.60 -117.49   14.00    7.00    0.05    0.01   38.02             35.616 -117.477    8.300  B
CA06xx_GS EQ19207224320   35.60 -117.49   40.00   12.00    0.09    0.00  140.50             35.593 -117.486    6.700  B
CA06xx_GS EQ19208075121   35.60 -117.49   23.00    6.50    0.03    0.00    0.69             35.646 -117.492    8.100  B
CA06xx_GS EQ19208154005   35.60 -117.49    6.00    7.50    0.04    0.00   70.88             35.610 -117.456    6.100  B
CA06xx_GS EQ19208181225   35.60 -117.49    7.00    9.00    0.09    0.02   31.61             35.639 -117.463    8.700  B
CA06xx_GS EQ19209012047   35.60 -117.49    8.00    5.00    0.09    0.00   70.47             35.614 -117.443    7.500  B
CA06xx_GS EQ19209014331   35.60 -117.49   36.00   15.00    0.11    0.03   79.19             35.603 -117.471   10.600  B
CA06xx_GS EQ19209095502   35.60 -117.49   19.00    7.00    0.03    0.01   95.22             35.598 -117.471    4.100  B
CA06xx_GS EQ19209103356   35.60 -117.49   15.00    3.00    0.08    0.00   75.17             35.611 -117.440    8.200  B
CA06xx_GS EQ19209111725   35.60 -117.49   27.00   14.50    0.09    0.03   96.40             35.598 -117.475    6.600  B
CA06xx_GS EQ19210030359   35.60 -117.49   26.00    7.50    0.10    0.02  129.54             35.558 -117.431   10.500  B
CA06xx_GS EQ19210150142   35.60 -117.49   26.00    4.00    0.10    0.01   42.13             35.621 -117.469    8.700  B
CA06xx_GS EQ19210185810   35.60 -117.49   22.00    7.00    0.05    0.01   71.29             35.607 -117.466    8.100  B
CA06xx_GS EQ19210231747   35.60 -117.49   27.00   12.00    0.09    0.01   73.64             35.612 -117.441    8.500  B
CA06xx_GS EQ19211113806   35.60 -117.49   21.00   17.50    0.05    0.01  354.75             35.638 -117.497    9.600  B
CA06xx_GS EQ19211163056   35.60 -117.49   22.00   10.00    0.08    0.00  354.33             35.668 -117.501   11.400  B
CA06xx_GS EQ19211172805   35.60 -117.49   29.00    4.50    0.08    0.00  354.41             35.669 -117.501   11.500  B
CA06xx_GS EQ19211193803   35.60 -117.49   32.00    4.50    0.09    0.01   45.42             35.605 -117.486   10.800  B
CA06xx_GS EQ19212002503   35.60 -117.49   21.00    5.00    0.04    0.00   38.48             35.626 -117.467    7.800  B
CA06xx_GS EQ19212094811   35.60 -117.49   33.00    8.00    0.03    0.00  112.67             35.597 -117.485    7.300  B
CA06xx_GS EQ19213081533   35.60 -117.49    7.00    4.00    0.11    0.03   64.08             35.611 -117.464   10.300  B
CA06xx_GS EQ19214031212   35.60 -117.49   27.00    3.50    0.03    0.00   30.41             35.627 -117.473    5.800  B
CA06xx_GS EQ19214051438   35.60 -117.49   21.00   10.50    0.02    0.01   54.70             35.611 -117.473    5.500  B
CA06xx_GS EQ19215102316   35.60 -117.49   31.00    6.00    0.03    0.00   30.04             35.626 -117.474    6.500  B
CA06xx_GS EQ19215185646   35.60 -117.49   25.00    7.00    0.10    0.01  355.35             35.653 -117.498   10.100  B
CA06xx_GS EQ19216064810   35.60 -117.49   25.00   14.50    0.09    0.02   73.93             35.612 -117.440    8.400  B
CA06xx_GS EQ19216204322   35.60 -117.49   47.00   13.50    0.09    0.03   73.07             35.607 -117.463    6.800  B
CA06xx_GS EQ19216204421   35.60 -117.49   70.00   17.00    0.02    0.01   75.25             35.606 -117.463    6.700  B
CA06xx_GS EQ19217001513   35.60 -117.49  169.00    9.00    0.04    0.01   69.32             35.610 -117.459    8.000  B
CA06xx_GS EQ19217071614   35.60 -117.49    7.00    5.00    0.10    0.02   61.10             35.613 -117.463   10.200  B
CA06xx_GS EQ19217104416   35.60 -117.49   20.00    9.50    0.10    0.01  139.38             35.558 -117.449    8.900  B
CA06xx_GS EQ19217191059   35.60 -117.49   45.00   10.00    0.09    0.01   70.18             35.616 -117.437    7.800  A
CA06xx_GS EQ19218061816   35.60 -117.49   15.00   19.00    0.08    0.02   91.92             35.598 -117.434    8.200  B
CA06xx_GS EQ19218111422   35.60 -117.49   27.00    3.00    0.08    0.00   95.48             35.598 -117.472    4.700  B
CA06xx_GS EQ19219014145   35.60 -117.49   27.00    2.50    0.07    0.00   71.92             35.607 -117.465    5.100  B
CA06xx_GS EQ19219025742   35.60 -117.49   30.00    2.50    0.09    0.00  355.35             35.653 -117.498   10.100  B
CA06xx_GS EQ19219032305   35.60 -117.49   29.00    7.50    0.10    0.01  356.15             35.652 -117.497   10.100  B
CA06xx_GS EQ19219062313   35.60 -117.49   22.00    3.00    0.07    0.01   74.76             35.606 -117.464    5.200  B
CA06xx_GS EQ19221010901   35.60 -117.49   26.00   20.50    0.09    0.02   73.93             35.612 -117.440    8.300  B
CA06xx_GS EQ19221044414   35.60 -117.49   23.00    3.00    0.03    0.00   49.40             35.612 -117.475    9.100  A
CA06xx_GS EQ19222041642   35.60 -117.49   12.00   11.50    0.04    0.00   35.98             35.633 -117.463    7.000  B
CA06xx_GS EQ19222074927   35.60 -117.49   19.00    7.50    0.10    0.02   78.77             35.602 -117.478    9.100  B
CA06xx_GS EQ19222081002   35.60 -117.49    9.00    5.50    0.09    0.00   74.26             35.603 -117.478    9.000  A
CA06xx_GS EQ19222084632   35.60 -117.49   37.00    6.50    0.02    0.00   33.93             35.632 -117.466    6.900  B
CA06xx_GS EQ19223070510   35.60 -117.49   17.00   21.50    0.09    0.03   56.80             35.608 -117.477    9.200  B
CA06xx_GS EQ19223093631   35.60 -117.49   19.00    7.50    0.04    0.00    7.54             35.647 -117.485    8.000  B
CA06xx_GS EQ19223102124   35.60 -117.49   12.00    4.50    0.09    0.00   52.44             35.617 -117.465    4.800  B
CA06xx_GS EQ19223145912   35.60 -117.49   19.00    6.00    0.03    0.00   31.07             35.629 -117.471    5.800  B
CA06xx_GS EQ19223215222   35.60 -117.49   41.00    4.00    0.03    0.00   73.77             35.610 -117.449   10.800  A
CA06xx_GS EQ19224002720   35.60 -117.49   16.00    7.50    0.04    0.00    5.16             35.651 -117.487    8.400  B
CA06xx_GS EQ19224015126   35.60 -117.49    6.00    8.00    0.04    0.00   59.48             35.624 -117.442    8.600  B
CA06xx_GS EQ19224043952   35.60 -117.49   34.00    8.00    0.09    0.02   70.18             35.611 -117.454    5.900  B
CA06xx_GS EQ19224062141   35.60 -117.49   16.00    5.00    0.05    0.01  316.17             35.622 -117.519   10.100  A
CA06xx_GS EQ19224073722   35.60 -117.49   19.00    4.50    0.08    0.02   80.09             35.602 -117.476    6.700  B
CA06xx_GS EQ19224093612   35.60 -117.49   16.00   12.50    0.10    0.03   69.31             35.606 -117.472    6.200  B
CA06xx_GS EQ19224160844   35.60 -117.49  177.00    5.00    0.08    0.01   68.13             35.610 -117.461    8.100  B
CA06xx_GS EQ19225005605   35.60 -117.49   29.00   13.50    0.04    0.00   30.64             35.624 -117.475    7.900  B
CA06xx_GS EQ19225033052   35.60 -117.49   42.00    9.00    0.03    0.00   18.58             35.611 -117.488    6.300  B
CA06xx_GS EQ19225041653   35.60 -117.49    5.00    4.50    0.11    0.03   57.75             35.618 -117.457    9.300  B
CA06xx_GS EQ19225092613   35.60 -117.49   44.00    8.00    0.08    0.00   44.75             35.629 -117.457    7.600  B
CA06xx_GS EQ19225162038   35.60 -117.49    6.00    9.50    0.04    0.01   24.11             35.641 -117.470    7.600  B
CA06xx_GS EQ19226001903   35.60 -117.49   34.00   15.00    0.08    0.00   71.29             35.607 -117.466    4.700  B
CA06xx_GS EQ19226120917   35.60 -117.49   26.00    7.00    0.11    0.00  170.92             35.591 -117.491    7.200  B
CA06xx_GS EQ19226175625   35.60 -117.49    2.00   16.00    0.04    0.00   24.75             35.615 -117.484    6.400  B
CA06xx_GS EQ19226194333   35.60 -117.49   18.00   17.50    0.09    0.03   70.26             35.613 -117.447    6.700  B
CA06xx_GS EQ19227003217   35.60 -117.49   18.00   10.00    0.04    0.00    9.28             35.648 -117.483    8.500  A
CA06xx_GS EQ19227013137   35.60 -117.49    6.00   11.00    0.08    0.01  354.70             35.664 -117.500   11.400  B
CA06xx_GS EQ19227122644   35.60 -117.49   30.00    3.00    0.03    0.00   32.27             35.638 -117.463    8.100  B
CA06xx_GS EQ19227150142   35.60 -117.49   21.00    5.00    0.04    0.00   65.92             35.613 -117.456   10.300  B
CA06xx_GS EQ19228010453   35.60 -117.49   27.00    7.50    0.03    0.00   66.28             35.616 -117.447    8.300  B
CA06xx_GS EQ19229091617   35.60 -117.49   19.00    6.00    0.09    0.02   77.24             35.604 -117.469    7.200  B
CA06xx_GS EQ19229093836   35.60 -117.49   20.00    2.00    0.09    0.00   47.25             35.619 -117.467    9.300  A
CA06xx_GS EQ19230145658   35.60 -117.49    7.00    8.00    0.03    0.00   91.92             35.598 -117.434    7.900  B
CA06xx_GS EQ19231035831   35.60 -117.49   29.00    8.50    0.11    0.03   57.60             35.615 -117.463    9.200  B
CA06xx_GS EQ19231042642   35.60 -117.49   21.00    9.00    0.09    0.02   74.26             35.603 -117.478    7.800  B
CA06xx_GS EQ19231050012   35.60 -117.49   21.00    4.50    0.08    0.02   72.04             35.608 -117.461    5.400  B
CA06xx_GS EQ19231091445   35.60 -117.49   26.00    9.50    0.07    0.01   71.50             35.608 -117.462    5.400  B
CA06xx_GS EQ19231161742   35.60 -117.49    3.00   10.50    0.03    0.00   66.37             35.617 -117.444    9.200  B
CA06xx_GS EQ19232190602   35.60 -117.49   25.00   11.00    0.09    0.01   73.93             35.612 -117.440    8.500  B
CA06xx_GS EQ19233103428   35.60 -117.49   29.00    4.50    0.08    0.01   43.24             35.641 -117.445    9.700  B
CA06xx_GS EQ19233132916   35.60 -117.49   75.00    2.50    0.03    0.00   31.62             35.635 -117.466    7.300  B
CA06xx_GS EQ19233164808   35.60 -117.49   27.00    4.00    0.09    0.01  355.35             35.653 -117.498   10.000  B
CA06xx_GS EQ19233233007   35.60 -117.49   49.00   21.50    0.02    0.01   31.85             35.636 -117.465    7.300  A
CA06xx_GS EQ19234092017   35.60 -117.49   28.00    8.50    0.08    0.00   90.73             35.599 -117.434    8.200  B
CA06xx_GS EQ19234093521   35.60 -117.49  179.00    4.00    0.04    0.00   73.68             35.606 -117.466    6.500  B
CA06xx_GS EQ19234094438   35.60 -117.49  171.00    7.50    0.05    0.01   56.02             35.622 -117.452    6.900  B
CA06xx_GS EQ19234101443   35.60 -117.49  172.00   10.00    0.04    0.00   35.41             35.636 -117.461    7.700  B
CA06xx_GS EQ19234170059   35.60 -117.49   10.00   10.50    0.10    0.02   58.44             35.613 -117.466   10.000  B
CA06xx_GS EQ19234183432   35.60 -117.49   30.00   10.00    0.08    0.01   77.69             35.609 -117.440    7.700  B
CA06xx_GS EQ19234195756   35.60 -117.49   19.00    4.50    0.04    0.00   64.71             35.613 -117.458    8.900  A
CA06xx_GS EQ19235113244   35.60 -117.49   18.00    6.00    0.10    0.02   59.14             35.618 -117.455    8.300  B
CA06xx_GS EQ19235215252   35.60 -117.49    8.00   10.50    0.10    0.02   34.76             35.631 -117.466    6.700  B
CA06xx_GS EQ19236212322   35.60 -117.49   12.00    4.50    0.10    0.02   52.82             35.618 -117.463    8.200  B
CA06xx_GS EQ19237104124   35.60 -117.49   18.00    7.50    0.11    0.00   43.31             35.621 -117.468    9.600  B
CA06xx_GS EQ19237183524   35.60 -117.49    7.00    2.00    0.09    0.00   61.10             35.613 -117.463    9.100  B
CA06xx_GS EQ19239001942   35.60 -117.49   21.00    3.00    0.11    0.00   52.18             35.614 -117.470    9.600  B
CA06xx_GS EQ19239072023   35.60 -117.49   19.00   15.00    0.03    0.02   72.40             35.613 -117.441    8.400  A
CA06xx_GS EQ19239152717   35.60 -117.49   25.00   12.00    0.10    0.02   64.71             35.613 -117.458    9.400  B
CA06xx_GS EQ19240111644   35.60 -117.49   29.00    5.50    0.08    0.00  177.24             35.588 -117.492    9.100  B
CA06xx_GS EQ19241052036   35.60 -117.49   18.00    9.00    0.04    0.00   23.40             35.616 -117.484    6.300  B
CA06xx_GS EQ19241062816   35.60 -117.49   19.00    8.00    0.04    0.00   31.33             35.622 -117.476    6.100  B
CA06xx_GS EQ19241144612   35.60 -117.49   16.00   12.00    0.08    0.02   30.11             35.640 -117.464    8.700  B
CA06xx_GS EQ19242013721   35.60 -117.49   17.00    7.50    0.03    0.01   65.84             35.605 -117.478   10.200  B
CA06xx_GS EQ19242090534   35.60 -117.49   20.00    4.50    0.10    0.01   76.07             35.603 -117.476    6.600  B
CA06xx_GS EQ19242091050   35.60 -117.49   18.00    5.50    0.10    0.03   70.83             35.614 -117.442    7.700  B
CA06xx_GS EQ19242134702   35.60 -117.49    1.00    4.50    0.10    0.01   32.92             35.632 -117.467    7.900  B
CA06xx_GS EQ19243013243   35.60 -117.49   19.00    7.50    0.10    0.03   75.22             35.603 -117.477    6.900  B
CA06xx_GS EQ19243080959   35.60 -117.49  169.00    5.50    0.04    0.00   14.85             35.651 -117.476    8.500  B
CA06xx_GS EQ19243125539   35.60 -117.49    3.00   13.00    0.04    0.00  354.75             35.638 -117.497    7.100  B
CA06xx_GS EQ19244100412   35.60 -117.49   15.00    7.50    0.04    0.00   63.66             35.610 -117.467   10.200  A
CA06xx_GS EQ19244113714   35.60 -117.49   22.00    8.50    0.04    0.00   51.88             35.618 -117.464    7.600  B
CA06xx_GS EQ19244214821   35.60 -117.49   26.00   10.00    0.10    0.01   75.17             35.611 -117.440    8.300  B
CA06xx_GS EQ19244235133   35.60 -117.49   10.00    7.00    0.09    0.00   73.93             35.612 -117.440    8.400  B
CA06xx_GS EQ19245020221   35.60 -117.49   14.00    4.50    0.10    0.01   28.71             35.623 -117.477    6.300  B
CA06xx_GS EQ19245030550   35.60 -117.49   33.00    7.00    0.03    0.00   21.72             35.642 -117.472    7.700  A
CA06xx_GS EQ19245125255   35.60 -117.49   75.00    8.00    0.04    0.00  327.15             35.643 -117.527   10.700  B
CA06xx_GS EQ19245163455   35.60 -117.49   20.00    7.50    0.04    0.00   21.26             35.643 -117.472    7.400  B
CA06xx_GS EQ19245185655   35.60 -117.49   15.00    6.00    0.04    0.00   17.29             35.646 -117.475    7.900  B
CA06xx_GS EQ19246074458   35.60 -117.49   56.00    7.50    0.03    0.00   70.19             35.606 -117.471    7.200  B
CA06xx_GS EQ19246192209   35.60 -117.49   46.00    9.50    0.04    0.00  311.33             35.630 -117.535   10.000  B
CA06xx_GS EQ19247013720   35.60 -117.49   29.00    9.00    0.07    0.01  184.53             35.586 -117.494    9.000  A
CA06xx_GS EQ19247231453   35.60 -117.49   32.00    3.50    0.10    0.01   87.91             35.600 -117.480   10.000  A
CA06xx_GS EQ19248222433   35.60 -117.49    6.00   15.00    0.05    0.01   62.40             35.614 -117.459    8.700  B
CA06xx_GS EQ19250121706   35.60 -117.49    0.00    7.50    0.09    0.02   67.24             35.618 -117.439    8.100  B
CA06xx_GS EQ19250140730   35.60 -117.49   21.00    3.00    0.10    0.01   29.20             35.624 -117.476    6.300  B
CA06xx_GS EQ19250151940   35.60 -117.49   15.00    8.00    0.07    0.04   45.05             35.623 -117.464    9.700  B
CA06xx_GS EQ19250154501   35.60 -117.49   12.00    2.00    0.09    0.00   58.45             35.614 -117.464    9.300  B
CA06xx_GS EQ19251071211   35.60 -117.49   24.00   12.00    0.04    0.00   33.82             35.637 -117.462    8.700  B
CA06xx_GS EQ19251073841   35.60 -117.49   11.00    3.00    0.09    0.00   28.07             35.642 -117.465    8.900  B
CA06xx_GS EQ19251124538   35.60 -117.49   36.00   11.00    0.10    0.02   18.97             35.644 -117.474    8.100  B
CA06xx_GS EQ19252164002   35.60 -117.49   14.00    3.50    0.03    0.00   22.19             35.611 -117.487    6.300  B
CA06xx_GS EQ19253035310   35.60 -117.49   36.00    6.00    0.07    0.00   70.99             35.606 -117.470    4.400  B
CA06xx_GS EQ19253165439   35.60 -117.49   24.00   17.00    0.09    0.03   86.37             35.601 -117.466    3.700  B
CA06xx_GS EQ19254070501   35.60 -117.49   10.00   12.50    0.05    0.01   18.43             35.616 -117.486    6.200  B
CA06xx_GS EQ19254110124   35.60 -117.49   11.00   10.00    0.11    0.01   62.05             35.622 -117.441    9.500  B
CA06xx_GS EQ19255193702   35.60 -117.49   35.00   21.00    0.02    0.01   66.25             35.611 -117.461    8.800  B
